  7.976978  -0.994310 
  7.252642  -0.009744 
  8.563449   3.992087 
  1.466956   4.186199 
  1.203979   3.690081 
 -0.494508  -0.856028 
  0.126797   1.190067 
  1.034786   4.588659 
  1.511242   4.620806 
  7.945066   5.313167 
  7.831354   5.109038 
  8.102355   5.110859 
  8.530528   1.996949 
  1.696964   4.567912 
  8.206968   4.437283 
  6.955846   0.220455 
  1.484026   4.938731 
  7.784452   4.766794 
 -0.840197   4.485119 
 -0.173789   4.868636 
  0.099815   0.246957 
 -0.707415  -0.459978 
  8.243357   5.515167 
 -0.290851  -0.352455 
 -0.299579   0.038879 
  8.344174   0.500552 
  1.580163   1.805869 
  0.244846  -0.797396 
  0.453981   4.402837 
  0.965862   3.683856 
  7.616541   4.959269 
  7.911751   5.631256 
  0.883850   1.297824 
  7.822661   0.179304 
  7.756027  -0.943390 
  7.197562   4.904882 
  0.979353   5.672149 
  0.117522   0.136415 
  1.006338   4.441553 
  9.075231   3.588658 
 -0.414395   4.904243 
  7.819885  -0.121495 
  0.876617   4.155713 
  6.262243  -0.142151 
 -0.547933   4.969713 
  0.517477   1.934931 
  8.164365   0.410525 
  0.600066   0.957393 
  2.295088   4.941165 
  1.130733   4.792040 
  0.240733   4.811791 
  8.463139   4.483219 
  0.420137   6.827363 
  1.206837   3.455231 
  0.624891   5.065677 
 -0.436467  -0.582369 
  0.193128   0.804844 
 -0.404822   4.674105 
  0.796548   5.170787 
  8.766676   5.154720 
  0.422626   0.957182 
 -0.081413  -0.153015 
  0.746976   5.493249 
  1.391355   6.295951 
 -0.158596  -0.069734 
  8.630728  -0.173466 
  0.130910   0.354067 
  8.297178   4.301972 
  8.767226   4.620800 
 -1.355631  -2.231463 
  7.897002  -2.012228 
  8.893704   4.057781 
  1.646420   4.642849 
  1.062309   6.696870 
  8.413903   4.943298 
  1.190798   4.941595 
 -0.632037   0.431521 
  0.572200   5.457021 
  1.391175   5.655544 
 -0.184320   0.593353 
  7.841128   0.209593 
  8.238689  -0.948189 
  1.613157   5.556720 
  1.028069   7.595570 
 -0.385077   1.084090 
  7.994679   0.271651 
 -0.521118  -1.707305 
  0.899624   5.588333 
  0.472601  -0.362339 
  6.904124   6.071861 
  8.014222   2.416609 
  7.902004   0.187583 
  8.540272   4.060546 
  7.647215  -1.592320 
  1.371518   5.485144 
  1.520347   4.545767 
  2.008768   5.648078 
  1.602020   5.005648 
 -0.610426   5.391728 
  1.683587   4.753116 
  1.167910   7.134498 
  1.354361   5.073270 
  1.407295   4.986512 
 -0.333345   4.824069 
  8.755597  -0.288354 
  8.433764   0.245580 
  8.067752   5.132146 
  0.977816   4.421691 
  0.267547   1.041755 
  8.931978   3.492605 
  8.255276  -1.027451 
  2.294496   5.004721 
  0.124681   1.099813 
  0.342624   5.112917 
  0.656421   3.441689 
  8.637406  -0.127938 
  7.770069   5.322350 
 -0.248187  -0.609691 
  1.277668   4.185350 
  7.741637   0.155995 
  7.197306  -0.002634 
  1.198455   5.154382 
  3.580735   4.586929 
  2.023526   5.245961 
 -0.475387  -0.895465 
  0.037434   0.038042 
  0.975655   3.441413 
  0.970635   0.903755 
  1.029921   5.287071 
  0.524112   0.911442 
  1.245440   4.557117 
  1.969571   5.503971 
 -0.819739  -1.833997 
  7.976375   0.081459 
  0.156760   4.821445 
  7.971793  -0.393293 
  1.733039   5.018841 
  8.085025   5.783268 
  7.556899   6.391267 
  1.333621   4.833346 
  1.099449   6.419571 
  1.327348   5.150415 
  1.398754   4.976988 
  1.415771   5.978279 
  8.544580  -0.412302 
  1.178711   5.739851 
  8.125498   5.577728 
  1.198955   3.892013 
  0.552999   4.770421 
  1.354045   4.839745 
  5.896253  -0.210192 
  2.450110   4.895706 
  3.701872   4.482987 
  7.830399   0.547223 
  9.492603  -0.143961 
  0.843020   6.235260 
  1.040926   5.236686 
  2.230764   5.096419 
  1.340821   5.765151 
  0.582712   4.490809 
  0.316465  -0.706419 
 -0.433525  -1.875469 
  7.624104   5.387074 
  0.171072  -0.118808 
 -1.752304  -1.240846 
  0.871179   6.428095 
 -0.353242   5.285860 
  8.308800   4.371768 
  9.385550   4.459330 
  8.797287   0.009802 
  0.308268   0.749020 
  0.813409   4.738916 
  1.479739   6.007259 
  1.303421   4.741616 
  7.719977   5.816962 
  8.205682   4.708783 
  1.236950   3.208032 
  8.691645   4.137067 
  0.607480   5.192756 
  8.643580   0.322401 
  8.532711   5.042715 
  0.921105   4.292417 
 -0.338532  -0.551441 
  0.708532  -0.009567 
  7.779513   5.416986 
  1.261253   4.020721 
  0.967018   5.127849 
  8.062544   0.117518 
  7.940732   4.684567 
  0.877676   5.016134 
  1.432983   5.416877 
  1.068741   5.093030 
  0.269442   1.311975 
  8.260577   0.477734 
  8.316968   0.254080 
  0.331149   1.383666 
  0.061925   4.710123 
  8.376006   0.287698 
  8.048778  -0.202264 
  9.488708  -0.196579 
  0.461507   1.623301 
  1.396057   4.727602 
 10.431936  -0.265795 
  8.159882   5.263369 
  1.388273   4.936435 
  1.645265   4.439860 
  0.033984  -0.380920 
  6.309099   0.349012 
  8.462483   0.236213 
 -0.097691   5.763764 
  0.872841   5.914131 
  0.864041   5.415584 
  1.322361   4.849319 
  8.043419   4.889611 
  8.448099   0.707911 
  0.209745  -0.082890 
  7.514223   5.945898 
  0.838134   0.555485 
  7.272478   6.827722 
  8.058079   4.485489 
  6.749163   0.391401 
  8.483248   1.776923 
  8.359821   4.614718 
  1.220012   2.163778 
 -0.998021  -1.204745 
  1.780482   4.330842 
  1.259927   4.882260 
  8.416963  -0.653081 
  1.062179   4.767296 
  7.897770   5.724255 
  0.078053   0.084937 
  0.061509   4.532588 
  8.361931   0.151091 
  8.101744  -1.877574 
  8.680526   0.073807 
  8.706619   4.222389 
  8.102457   4.541516 
  0.672119   4.704722 
  0.830113   1.995259 
  7.239723   6.126469 
  7.986997   5.076940 
  1.812811   4.680895 
 -0.572694  -0.529768 
  8.165183   4.664752 
  0.781136   5.284190 
  7.633882   5.338924 
  8.409273   4.676414 
  2.548895   4.986009 
  7.970349  -0.120834 
 -0.315788   0.138514 
 -0.750144  -1.066760 
 -1.481993  -1.344367 
  0.343729   0.935141 
  6.976087  -0.021450 
  0.046611  -0.924279 
 -0.781264   4.791178 
  8.770426   5.261217 
  8.095081   3.940097 
  1.276528   5.124756 
  0.968834   5.176450 
  6.162146  -0.475066 
  8.467014   4.309883 
 -0.631598   4.899459 
  7.203711   0.218450 
  0.986715   5.324041 
  8.160156  -1.028590 
  1.099426   4.963207 
  8.392927   5.573499 
  1.325435   4.969891 
  0.017771  -0.319166 
  6.268742   0.151402 
 -0.255305  -0.091574 
  1.052959   4.846286 
  1.244473   5.227149 
  0.087500   0.179132 
 -0.573619   0.036866 
  8.683613   2.750622 
  5.913730   0.122106 
  7.138969  -0.389216 
  9.505918   2.692563 
  6.776662   0.095882 
  0.269903   4.638371 
 -0.805644  -1.294339 
  1.164087   3.507189 
  7.950582   5.052257 
  7.802831   5.783535 
  0.366712   2.059423 
 -0.711803  -0.766380 
  0.449647   0.219069 
  1.527634   5.528636 
  0.456115   1.037170 
  7.929106   0.296991 
  7.702980   5.269982 
  0.901502   5.315333 
  8.434470  -0.008134 
 -0.216596  -0.394179 
 -0.664217  -0.376782 
  8.663675   3.636469 
  0.970055   0.889087 
  8.098462   5.078331 
 -0.140389  -0.249184 
 -0.169008   4.993039 
  8.618278   0.590038 
  0.046676   0.947924 
  0.619334   4.589034 
 -0.412720  -0.808294 
  8.354403   3.834245 
 -0.070182  -0.695888 
  6.430448   7.021862 
  7.510780   6.216416 
 -0.169833   0.436658 
  8.596355   5.464681 
  7.344226  -0.361249 
  8.541035   4.126802 
  0.878464   5.482020 
  0.252990   0.514760 
  0.628435   1.228636 
 -0.671853  -0.582655 
  7.815251  -0.979486 
  8.036400   0.068471 
 -0.302090  -0.062085 
  8.681720   0.170309 
  0.489965   4.581912 
  7.806893  -0.565309 
  1.027251   5.691501 
  1.674751   4.997136 
  7.948964   4.919759 
 -0.498378  -0.363012 
  7.923951   5.390496 
  0.498924  -0.095539 
  8.868311  -0.254502 
 -0.429101  -0.928243 
 -0.176530  -1.055872 
  8.471195   4.094960 
  1.959728   5.623913 
  8.093274  -0.392651 
  1.182124   3.858581 
  0.034815   0.048579 
  7.904158   4.733653 
  7.435243   5.649605 
  0.410064   0.334698 
  7.187644   6.230127 
  2.091484   4.669765 
 -1.620636  -1.390386 
  1.076534   4.409686 
  7.386386   0.369782 
  0.424987   4.916264 
  1.004722   4.987537 
  7.711882   4.703236 
  0.405006   0.889565 
  8.494200   5.756191 
  1.110204   5.008364 
  8.970324  -0.001663 
  2.409542   5.555881 
  1.279865   6.140862 
  8.127508   0.191009 
  7.780656   0.011036 
 -0.105586   5.603354 
  0.834588   4.768385 
  7.686700   0.894305 
  8.448227   0.281196 
  1.339419   4.895266 
  8.489305   0.169834 
  1.804048   4.454814 
  8.099271   4.612441 
  0.268373   4.325833 
  6.967933   6.208532 
  7.913788  -0.376228 
  0.761520   5.947278 
 -0.104114  -0.161603 
  1.905018   5.461128 
  0.646462   6.813295 
  8.085943   4.739969 
  2.650122   5.210727 
 -0.197457  -0.383237 
  7.355651  -0.286357 
  8.408570   4.506009 
 -1.604683  -2.007147 
  1.577495   5.238156 
 -0.095196  -0.436884 
  8.208514   4.445483 
  8.329931   3.519494 
  0.297589   1.244993 
  0.417623   0.809050 
  0.742797   4.461025 
  8.413587  -0.482579 
  7.445828  -0.926570 
  0.525871   0.653322 
  1.413647   5.188865 
  8.608508   0.714119 
 -1.312337   5.436621 
  9.390703  -0.143537 
  0.371695   5.323572 
  0.510889   4.872748 
  8.797942   4.198806 
  8.594784  -0.799673 
  7.680353   6.331206 
 -0.367598  -1.229850 
  0.244063   5.049812 
  8.378346   0.056499 
 -0.343634  -0.963099 
  1.375979   7.388009 
  1.291547   2.825115 
  0.914594   5.502837 
  7.962309  -0.001889 
  7.753352   5.187691 
  8.561736   4.586346 
  7.221887   6.084860 
  3.646683   4.983002 
  1.472511   4.342235 
  7.197506  -0.144451 
  8.061303   0.889525 
  0.496670   4.678024 
  0.296202   4.764636 
  0.211666   1.051069 
  1.145437   5.660738 
  1.355556   5.979412 
  7.583708  -0.023211 
  8.042547   2.408125 
  1.285144   5.076185 
  1.361743   4.348992 
 -1.332033   4.882710 
  0.732953   1.187886 
 -0.102746  -0.142994 
  1.611714   6.305574 
 -0.202830  -0.424981 
  8.047366   5.183601 
  7.302774   4.318426 
  7.830809   2.209005 
  7.654679   6.210160 
  8.681137   4.595463 
  0.961610   4.968840 
  7.682815  -1.038054 
  0.358348   0.911073 
  1.655145   4.405590 
  1.185399   6.525596 
  9.221786   3.121112 
  7.126917   5.928649 
  8.155750  -0.323278 
  1.822230   4.552761 
  8.361671   0.979022 
  1.155764   6.257853 
  1.594099   5.143725 
 -0.808298  -1.479511 
 -0.825569  -1.811601 
  8.055468   4.807982 
  7.819157   5.568547 
  1.012318   4.983572 
  8.449519  -0.165171 
  7.398502   5.694732 
  7.715509   6.243899 
  0.924422   4.038327 
  0.951706   6.683033 
  0.886571   0.480538 
  1.030593   5.251627 
  1.710632   5.310460 
  8.629794  -0.119262 
  7.913756   1.444455 
  7.976468  -0.362513 
  0.222968   4.920907 
  0.867601   6.414880 
  0.152609   5.052535 
 -0.027473  -1.684410 
  0.574078   1.178944 
  0.871655   2.380829 
  0.693705   5.555323 
  8.432956   4.163523 
  2.158049   4.902602 
  8.001808   4.217890 
  0.925876   1.187677 
  0.425527   2.210849 
  1.082983   5.119222 
  8.189444   4.525136 
  0.002988  -0.110724 
  8.049545   0.292813 
  8.199967   4.318809 
  7.645268   6.218520 
 -1.188579  -1.406549 
  0.984328   4.824716 
  0.632038   5.100032 
  0.272650   1.311347 
  0.529451   4.707402 
  1.000489   5.637299 
 -0.894438  -0.684141 
  8.555126   4.295249 
  7.980799   5.190803 
  7.343375  -0.016510 
  1.773172   4.898854 
  7.645639   1.460623 
  1.409062   5.358155 
  1.570027   4.709792 
  1.537891   4.975200 
  7.230234  -0.264849 
 -0.052311   0.286807 
  1.121603   4.390088 
  0.869184   6.118089 
  7.600750   5.284563 
  9.035726   2.848283 
  0.157950  -0.184755 
  1.064478   6.307380 
  8.146127   1.288467 
 -0.545063   0.009682 
 -0.231212  -0.611943 
  1.045320   0.718022 
  7.874471   0.089832 
  0.150481   0.342508 
  8.247212   0.404011 
  0.897091   4.626139 
  7.705726  -0.543246 
 -0.030747   0.083978 
  1.238933   1.803139 
  8.464630   3.844418 
  0.816620   3.124284 
  1.290136   4.453061 
  0.808649   5.025266 
  8.149073   5.233658 
  7.837995   0.137782 
  1.861268   5.020262 
  6.272741   0.226432 
  0.020883  -0.077508 
  0.185256   5.313056 
  6.984279   6.193539 
  1.281508   4.543865 
 -1.085278  -1.518872 
  0.649935   6.757482 
  7.589990   5.369653 
  1.575013   5.053805 
  0.504222   5.380323 
  7.936117   5.388797 
  7.982522   4.287173 
  7.382599   5.827706 
  6.533604   0.212996 
  1.114642   5.606536 
  8.042297   5.548644 
  0.337581   5.150334 
  8.709349   4.165853 
  8.691700  -0.216806 
 -0.024589  -0.887967 
  7.388974   5.610048 
  6.324234  -0.536999 
  0.965682   4.699230 
 -0.780060  -0.526155 
  0.595679   5.270938 
  1.906208   2.633250 
  2.279605   4.765600 
  9.034113  -0.195500 
  8.241582   5.206714 
  0.762525   4.959543 
  2.019475   5.552903 
  8.987459  -0.132840 
  7.809779   4.752295 
  0.756003   6.464341 
  9.091840  -0.068560 
  8.809483   4.377053 
  1.702505   3.707604 
  2.170321   4.627212 
  0.820416   6.177301 
  1.071376   5.757607 
  0.151629   5.588032 
 -0.020499   1.412933 
 -0.394081  -1.347051 
  7.652173   5.626037 
  2.272818   4.812868 
 10.249600  -0.005162 
  1.232666   4.359146 
  0.823402   0.344448 
  1.217031   5.730403 
  8.514506   0.536266 
  7.614433   7.355394 
  7.774961   5.938744 
  1.307803   4.846177 
  7.811284   5.657121 
 -0.189659   0.935420 
  1.388787   4.793656 
  7.967640   5.273183 
  0.976322   5.786694 
  7.956656   0.636467 
  8.499027  -0.030894 
  1.316324   5.627639 
  0.354962   5.099067 
  9.592370  -0.307747 
  0.637052   3.515500 
 -0.550755  -0.682414 
 -1.121950   4.419273 
  7.512372  -0.235396 
  0.683775   0.801523 
 -0.308626  -0.407472 
  1.713413   5.212365 
  0.107409   0.286740 
 -0.529572   4.250465 
  5.967929   0.385877 
  0.884645   4.367238 
  0.929622   5.180580 
  0.511432  -0.069288 
  1.039646   5.807387 
  0.663108   2.990885 
  8.138625   4.916680 
  9.486668   3.187797 
  0.985300   4.836596 
  0.688277   0.886775 
