  0.961439   4.021730 
  1.903869   5.060811 
  0.470046   1.344330 
  8.057861   4.932573 
  0.266001   1.052736 
  0.004685   0.578707 
  0.827695   5.282432 
  6.666342   0.341666 
  0.516272   0.744978 
  8.791093   0.224433 
 -0.067146  -0.149512 
  8.439142   0.462768 
  8.468727   0.142340 
 -0.476576  -0.577818 
  8.151666   5.220645 
  2.602430   4.998062 
  1.259375   4.228031 
  1.128729   5.167438 
  8.042328  -0.297639 
  1.782402   5.203089 
  7.250803   6.350535 
  7.740221  -0.443223 
  7.833712   0.377649 
  1.650328   4.707970 
  0.856923   5.758937 
  7.996046   5.024069 
  0.062281   0.244668 
  7.748246  -0.002818 
  0.654885   4.929561 
  2.373451   5.030450 
  0.727584   5.722211 
  9.272339   0.389766 
 -0.231206   4.779090 
  1.972888   5.257141 
  0.792645   3.667250 
  0.041497   5.108069 
  0.091215   0.205782 
  1.138329   4.853031 
  7.425830   5.439980 
 -0.674621  -2.360994 
  1.301467   3.483953 
 -0.198813  -0.131512 
  8.029238   0.400868 
  7.302131   0.877279 
  8.460141   3.540696 
  7.170167   5.578843 
  0.494706   0.766702 
  8.792677   4.835413 
  0.547631   5.478541 
  7.150440   0.160805 
  0.586593   4.982632 
  1.159194   5.256598 
  1.263170   5.853424 
  0.744714   5.239822 
  0.180005   0.194317 
  0.763223   5.137976 
  7.632015  -0.092847 
  1.572743   4.741020 
  1.258307   4.801159 
  7.903155   5.254767 
  1.690576   4.657095 
  0.165112   0.221158 
  0.171031  -0.197777 
 -0.469455   0.287381 
  1.877125   6.125882 
  1.726971   6.848246 
 -0.487662   5.232170 
 -0.636834  -1.643587 
  7.840289   0.608969 
  1.279895   2.259624 
  0.011186   5.800879 
 -0.020122   0.345459 
  7.353524   6.405851 
  1.180011   5.484350 
  0.179023   5.505230 
  5.293693  -0.050953 
  9.161630  -0.283309 
  7.157001  -0.103046 
  5.758279   0.207277 
  8.123367  -0.579101 
  7.347127   0.080691 
  1.060684   5.219851 
  7.935684  -2.175380 
  8.709794   3.330433 
  7.300403  -0.093457 
  6.792550   6.045527 
  6.714011   7.235538 
  7.070979   6.416765 
  0.843501   5.197233 
 -0.016457   4.821732 
  0.976895   6.026123 
  8.230221   5.606718 
  0.289530  -0.482426 
  1.126819   4.646905 
  1.217044   5.752339 
  2.348285   5.440718 
  0.594615   4.777852 
  0.888662   4.331703 
 -0.069775   4.640009 
  1.127480   6.588066 
  2.335570   4.834171 
  1.073737   2.230710 
  0.784613   4.756526 
  1.485689   4.902002 
  8.516498   4.023429 
 -0.607573  -2.340469 
  0.252929   0.736720 
 -0.856852  -0.552992 
  0.502479   1.588724 
  1.207067   3.605434 
  7.674084   0.394109 
  7.158311   5.998949 
  7.580640   4.698770 
  8.103488   0.347411 
  6.773495   5.936950 
 -0.511993  -0.615161 
  8.384777   0.493271 
  0.553609   5.406118 
 -0.937457   5.684883 
  0.048993   5.502725 
  7.828838   5.180407 
  0.181148   0.897042 
  0.831258   5.163754 
  7.793650   5.201089 
  0.489488   5.155986 
  8.081535   0.049544 
  0.528244   6.434401 
  7.781182  -0.858619 
  0.513885   4.830308 
  7.631942   5.287104 
 -0.974699   5.112626 
  0.624597   3.826407 
  8.786305   3.733971 
  0.268561   1.203225 
  0.706862   5.557639 
 -0.105257  -0.841839 
 -0.267416   0.314680 
  8.662554   5.026329 
  1.141768   4.325107 
  7.622172   6.274412 
  1.104709   3.505111 
  8.441448  -1.750267 
  8.075912  -0.490914 
  1.855870   5.178875 
  1.114720   5.437866 
  0.842163   5.059148 
  7.130182   0.023268 
  8.791449   0.085496 
  7.584739   1.622179 
  1.271790   5.055716 
 -0.579116  -0.611994 
  0.825285   6.868937 
  0.727857   5.235670 
  7.478933   0.310928 
  0.351534   0.106959 
  8.084455   5.459898 
 -1.923605  -2.692493 
  0.963690   5.776222 
 -0.018408   0.889603 
  7.725893  -0.660135 
  8.052828   1.342958 
  2.250153   5.161530 
  0.776852   5.578198 
  0.895561   6.624458 
  0.812815   5.511449 
  0.669183   0.410272 
  2.077796   5.263413 
  0.965073   5.128770 
  0.931816   2.211403 
  8.507274   0.996627 
  0.814652   1.400166 
  8.088665   4.519229 
  8.318749   3.182766 
  7.296842   1.024833 
  0.484371   4.503092 
  8.861547  -0.316766 
  0.980314   4.071861 
 -0.477329  -0.868243 
  0.319688   5.247063 
  0.915725   0.285967 
  8.126775   0.911718 
  9.099443   2.915826 
  1.419490   4.586411 
  7.871697   5.561194 
 -0.072303   0.229926 
  0.704573   4.821905 
  1.328024   7.187952 
  7.562783   0.017044 
 -0.799585  -0.618495 
  7.808753   5.419496 
  7.892634   6.233272 
  8.427265   0.299137 
  1.084169   5.758460 
  0.623482   5.318068 
  0.106442   5.338024 
  8.919436   3.685409 
  1.450000   4.038957 
  0.611199   4.798849 
 -0.583656  -0.703367 
  1.257631   5.651227 
  0.198703   0.345686 
  7.457376   5.269647 
  8.449297  -0.609441 
  8.009720   1.069557 
  0.956518   3.816642 
  7.421326   0.263834 
  0.741601   4.737653 
  1.393248   4.852600 
  0.441259  -0.166357 
  7.141788  -0.136547 
  7.880270  -1.260753 
 -0.379333  -1.557303 
  1.247376   5.137803 
  7.101935  -0.179468 
  6.674571  -0.155598 
  2.029795   4.698112 
 -0.061863   0.381961 
  8.326191  -0.274145 
  8.041662   5.296536 
 -0.165751  -1.110848 
  1.098808   5.130313 
  8.133684   0.256968 
  1.981381   5.056036 
  7.773316   0.185842 
  1.894462   4.983233 
  8.322208   0.618393 
  0.491029   5.132822 
  0.477753   5.012214 
  8.274513  -0.489254 
  1.350331   4.940558 
  8.933048   3.273764 
  1.127779   6.507547 
  7.646600  -0.084074 
  7.023961  -0.766563 
 -0.076753   0.860041 
  1.671926   4.639331 
  1.150101   5.245815 
 -0.128815  -0.189873 
  1.069639   5.468876 
  8.259899   4.838157 
  8.016602  -0.322081 
  0.223789  -0.064421 
  8.256607   5.192609 
  0.255833   4.441074 
  7.819856   5.077771 
  9.384436  -0.205933 
  0.099662   0.322399 
  8.611168   0.640649 
  0.818516   0.759217 
  0.442600   3.071647 
  7.883057  -0.090949 
 -0.196828   4.880697 
  2.567900   4.706133 
  1.192070   4.562560 
  9.389789   0.097144 
 -0.465215  -1.124245 
  0.122761   0.307664 
 -0.093815   4.592863 
 -0.211269  -0.266290 
  0.075727  -0.475589 
 -0.883109  -1.664979 
 -1.121312  -1.660553 
  8.237619   4.934831 
  0.351171   4.509025 
  0.187200   5.038469 
 -0.290293   4.799030 
  0.772087   6.244893 
  7.971108   3.559283 
 -1.360341  -2.346780 
 -0.316804  -1.158473 
  1.004822   4.336461 
  9.036072  -0.227468 
  8.418293   4.296132 
  0.571029   0.195356 
  7.845654   4.573559 
  3.168049   4.728217 
  8.146098   4.622050 
  0.709774   5.636723 
 10.043761   0.075555 
  7.939432   4.794730 
  6.621748   0.183802 
  8.388460   4.604150 
  8.866552   4.010518 
  0.938094   5.363102 
  1.593898   4.802649 
  0.520893   0.777460 
  1.023458   5.156392 
  0.537293   5.171641 
 -0.548496  -0.532788 
  1.195382   5.866258 
  0.165196   0.448041 
  1.391319   5.013693 
 -0.532043  -0.169437 
  7.436878   0.016199 
  0.408202   1.290435 
  8.099541   4.965985 
  1.331313   4.799371 
  0.234263   5.096005 
  8.333740  -0.387458 
  8.408392   3.315921 
  0.144028  -0.775421 
  7.353997   6.027908 
  1.131271   5.100632 
  1.213628   2.033715 
  0.419419   0.530302 
  0.365450   0.416014 
  7.502851   0.247391 
  0.121576   5.018921 
  0.935549   4.175627 
  7.618086   5.704479 
  8.416612  -0.020948 
 -0.847870   5.228671 
  1.321439   4.998537 
  0.293505   4.932140 
  1.931776   5.590401 
  1.509544   5.562066 
  0.976024   4.141681 
  1.783565   5.122943 
  0.374570   0.839679 
  1.308459   4.873234 
  7.933203   0.074512 
  8.459368   5.007321 
  0.668918   6.153696 
  0.010430  -0.550680 
  8.351305   3.400828 
  1.121110   1.415392 
  7.167746   4.667241 
  0.281418   5.060221 
  9.666906   3.094244 
  7.673535  -0.429901 
  0.939082   0.466227 
  6.775529   6.286237 
  1.121689   5.450100 
  0.409002   5.150364 
  9.025716   0.379926 
  2.102387   5.073744 
  1.484186   4.609094 
  0.167633   5.595425 
  1.400706   4.477269 
  1.269163   5.085390 
  8.576013  -0.406349 
  0.573621   0.173078 
  7.582003   5.289024 
  1.329823   6.552631 
  8.553200  -1.666307 
  8.288446   0.357140 
  8.232486   4.846117 
  0.740714   1.615948 
  7.865473   5.279096 
  7.781941   0.565707 
  8.279603   4.736098 
  8.187237  -0.235540 
  9.108163   3.299070 
  8.864091  -0.226191 
  7.770734   4.665140 
  1.783032   5.331660 
  0.303632   4.740913 
  8.692142  -0.112758 
  0.798956   6.995975 
  1.235172   4.602818 
 -0.664497   4.919124 
  0.103998   5.106921 
  1.651104   4.898538 
  1.414356   4.866053 
  0.450206   0.717962 
  1.469984   6.563828 
  8.037767   4.380171 
  0.457637   0.758513 
  3.024493   4.288483 
  7.231010   7.177399 
  0.072670   4.353892 
  0.637618   5.105071 
  0.157826  -0.072649 
  8.348754  -0.112738 
  1.022738   4.956532 
  7.790843   5.921255 
  0.543999   0.997741 
  8.603060   4.888012 
  6.440758  -0.430732 
  3.495961   5.582455 
  1.663941   5.354334 
  0.098763  -0.042144 
  7.710690   4.555299 
 -0.215574  -0.085341 
  8.478721  -1.654713 
  2.434733   4.564755 
  0.625060   0.414676 
  0.667344   7.366602 
  1.345454   4.763964 
  8.710028   4.048516 
  8.418147   4.476287 
  2.037939   5.205157 
  8.572440   4.258175 
  1.760663   4.862938 
  0.008645   0.229748 
  7.523174   5.418796 
  0.035421   0.295456 
  8.243987  -0.756461 
  0.134278  -0.277018 
  7.423461   6.287558 
  1.157298   5.928468 
 -1.133996   4.380122 
 -0.175608  -0.254466 
  1.065669   3.817587 
  8.823207   3.917066 
  7.986746  -0.665175 
  8.156945   5.385846 
  8.290273  -0.055521 
  0.269713   0.534301 
  1.712320   5.183088 
  7.883786  -0.059943 
  7.717471   0.520775 
  0.047342   0.485452 
  1.178354   4.891982 
  2.289100   5.152542 
  8.070809   5.652165 
  8.306791   0.879736 
  8.632532   4.209498 
  6.538961  -0.352341 
  7.804026   3.173629 
  0.642439   5.305632 
  1.336743   4.577124 
  7.772727  -0.256291 
  1.082444   5.249901 
  7.408495   5.316344 
  9.186413  -0.023506 
  8.217505   5.471570 
  8.275289   0.789342 
  6.692809   0.068617 
  0.734307   5.988785 
  7.850687   1.962964 
 -0.086348  -0.585901 
  0.404353   4.750908 
 -0.745802  -0.959410 
  0.395756   1.079425 
 -1.098308   4.847325 
  8.169206   0.199855 
  0.762263   4.509420 
  7.748597   6.542219 
  7.742434   5.482509 
  1.106281   5.009298 
  0.970793   4.801077 
  1.041917   5.488769 
  7.623989   5.359348 
  7.623209   6.348517 
  0.321311   4.811890 
  1.064504   5.482910 
  0.523203   0.505724 
  0.753519   3.323405 
  8.189392   4.750953 
  0.632252   4.517102 
 -0.097302   0.568475 
  0.249692   5.162638 
  0.965555   3.932264 
 -1.716778  -2.840237 
  7.809042  -0.875570 
 -0.398243  -0.409318 
  8.146259  -0.849928 
  8.048586   1.066620 
  1.100087   4.976238 
  8.392402   4.213841 
  0.784836   4.755779 
  0.335191   0.456921 
  1.088526   5.498570 
  8.246633   0.933491 
 -1.104213  -1.302817 
  0.606756   4.727427 
  1.469904   6.275551 
  8.612057   5.010272 
 -0.573385  -0.821495 
  8.811156  -0.339013 
  0.082832   5.221876 
  2.579297   5.073294 
 -1.239990   4.985567 
  0.867099   4.800326 
  7.655443  -0.298866 
  0.502578   4.983777 
  7.505559   4.338092 
  8.265835   0.196661 
  7.836833  -1.127531 
  8.918462  -0.328100 
  0.692049   4.740179 
 -0.762870  -1.442949 
  8.353362  -0.373583 
  0.734080   1.933814 
  1.706043   5.119060 
  0.625193   5.226962 
  8.241097  -1.700086 
  7.342291   6.176414 
  0.441889   4.967914 
 -0.230156   0.346488 
  8.062399   0.268828 
  0.375097   5.230801 
  8.379012   5.112032 
  1.382536   5.455754 
  1.619964   4.769299 
  7.627053   0.265501 
  8.794821   3.615758 
  0.951958   4.740758 
  7.142983   0.396646 
  0.624044   5.058500 
  8.193163   4.407487 
  8.843678   2.724083 
  7.221908   6.582445 
 -0.337411  -0.528783 
  8.222222   0.802382 
  9.874576  -0.046522 
  1.293866   4.999512 
  0.583155   1.151172 
 -0.927929  -0.152484 
  7.651905  -0.683575 
  9.153427   0.137673 
 -0.239733  -0.598815 
  7.606303  -0.098165 
  1.009167   5.029337 
  0.843605   6.272649 
  1.639022   4.674527 
  0.494452   3.826027 
  0.141144   5.706940 
 -0.058498  -0.914469 
  0.555406   5.028159 
  8.496819  -0.304414 
  7.220289   6.254147 
  1.136406   4.863199 
  1.854991   4.808899 
 -0.279273   0.127217 
  7.466419   0.292273 
  0.760394   1.642527 
  7.846921   5.244491 
 -0.050672   0.237722 
  8.206748  -1.469804 
  0.078344   0.276712 
  2.382353   4.885475 
 -0.392044   0.061877 
  1.624365   5.224092 
  1.225502   4.759362 
  0.581184   5.270138 
  0.310937  -0.825132 
 -0.598713  -0.546877 
  0.626953   1.840496 
  7.047640  -0.319655 
  7.697378   5.271337 
  0.037620   5.066345 
  7.540180   5.627685 
  8.111746   4.246865 
  8.534902   3.836057 
  0.380464   4.010565 
  0.653492   0.399719 
  2.605082   4.764726 
  8.161532   0.127882 
  0.216715  -0.221835 
  9.114300   3.650153 
  7.425446   0.024790 
  1.038742   5.012985 
  8.400926  -0.235628 
  1.231050   5.056301 
  7.623672   5.759875 
  1.297842   4.867246 
  9.261988   3.860024 
 -0.019135  -0.014140 
  1.304498   4.307903 
  7.523727   0.121284 
  8.353541   5.425249 
  7.823922   0.825338 
  0.158044   4.760447 
  0.136141   4.519411 
  1.393704   5.299094 
  1.599100   4.159087 
  1.048732   4.630454 
 10.057056  -0.443509 
  0.907994   3.783901 
  8.195112   0.189981 
  9.186762   3.693073 
  7.931725   6.164741 
  0.840091   1.023728 
  7.874112  -0.638182 
 -0.508308  -0.978736 
  0.681992   5.441414 
  7.636260   5.669362 
  8.238465   4.445433 
  7.349058   5.947407 
 -0.866643  -0.572298 
  8.780094  -0.099674 
  7.481099   5.840593 
  8.424686  -0.127603 
  8.973532   0.221262 
 -0.342129  -2.127135 
 -0.233169  -1.082105 
 -1.047371  -0.778851 
 -0.330987   0.357783 
  0.972944   3.223622 
  2.049693   5.647131 
  1.230619   4.602264 
  0.852405   5.311897 
  7.841604   0.563081 
  0.201186   4.939063 
  3.833832   5.037344 
  1.225856   4.521740 
  8.672668   4.515605 
  8.500087  -0.425437 
