  0.704381   0.131495 
 -0.065496  -0.043083 
  0.941398  -0.358974 
  2.568373  -2.131905 
  1.489634  -0.052338 
  3.213788  -1.189738 
  0.682488   0.203160 
 -0.842904   0.826305 
  2.545859   0.947278 
  3.117372  -0.066268 
  4.205018   1.458216 
  2.182016   1.813295 
 -0.524802   0.365036 
  0.635142   0.893467 
  3.450753  -0.282994 
 -0.188343  -0.801822 
 -0.067376   0.022058 
  0.903072  -0.779743 
  4.950122   0.666378 
  0.930011   0.090524 
  2.953638  -0.264042 
  0.530570   0.377572 
  2.655651  -0.905540 
  0.149067  -0.705166 
  0.831850   0.555122 
  4.016679  -0.007336 
 -0.009135  -0.201898 
  0.485201  -0.149546 
  3.877495   0.753117 
  3.133015  -0.581816 
 -0.667975   0.796600 
 -0.348005  -0.385912 
  3.665758  -0.548919 
  3.878737  -1.955799 
  3.822006   1.601135 
 -0.407128  -0.877898 
  0.116597  -0.561058 
  4.032559   0.555747 
 -0.865046  -0.834334 
  2.486654  -0.538975 
  4.607876  -0.482579 
 -0.862044   0.900791 
 -0.666431  -0.967259 
  0.894877  -0.770663 
  1.547553  -0.926570 
  4.222440   0.041001 
  3.713647   0.597244 
  5.224270   0.714119 
  0.987663   1.380715 
  0.622177  -0.975180 
  0.420911  -0.567545 
  4.690703  -0.453904 
  0.940491  -0.977145 
  0.996854   0.284899 
  0.974910   0.033982 
  2.671695   1.023225 
  2.810889  -0.402405 
  4.699683   0.280561 
  5.180872  -0.799673 
 -0.699827  -0.508916 
  2.739301   1.708875 
  0.916958  -0.612505 
  0.060918  -0.818259 
 -0.851827  -0.263117 
  2.655190  -1.422496 
  2.544063   0.157520 
 -0.376358  -0.984414 
  3.678346   0.178665 
  0.790342   0.205403 
  2.697225  -0.993406 
  0.669537  -0.042291 
 -0.995302  -0.383765 
  4.488948   2.388009 
  5.565523   2.301073 
  3.029924   0.502837 
  3.180809  -0.001889 
  0.280420   0.488889 
  0.606365   0.678699 
  2.867351  -0.194822 
  4.285351   0.468596 
  1.935099   0.273689 
 -0.509738  -0.475136 
 -0.871756   0.028476 
 -0.473703  -0.106452 
 -0.794559  -0.317578 
 -0.032562   0.678284 
  5.946683  -0.053754 
 -0.162231   0.964985 
  3.772511  -2.080034 
  2.497506  -0.456793 
 -0.237422   0.252929 
  3.493857   0.889525 
  0.773530  -0.637450 
  1.708331  -0.321976 
  2.596202  -0.744287 
 -0.158885  -0.753966 
  3.671287   1.437276 
 -0.432304   0.159937 
  3.759913   0.660738 
 -0.903638  -0.342928 
 -0.561668  -0.463627 
  4.424368   0.979412 
  1.983569  -0.023211 
  3.434547   2.408125 
 -0.521648   0.100478 
  4.201705   0.076185 
  3.661743  -2.058669 
  0.967967  -0.370905 
 -0.941483  -0.638966 
  4.585684   0.557046 
  0.404622   0.356984 
  3.119771  -0.035676 
  5.234410   1.305574 
 -0.984729  -0.888623 
  2.944213  -0.327683 
  0.221841  -0.931886 
  3.383086   0.433385 
  2.076985  -2.735938 
 -0.183821  -0.426963 
 -0.502107  -0.845220 
  0.304919   0.801145 
  2.764972   2.209005 
  2.694266   1.435155 
 -0.359446   0.693212 
 -0.792656  -0.208603 
  4.494794   0.743145 
  3.178600  -0.031160 
  0.071130  -0.661569 
 -0.670260  -0.139095 
  0.766877  -0.167564 
  2.296972  -1.038054 
  3.928584   0.867808 
  0.332914   0.457527 
  5.371751  -0.594410 
  0.695485  -0.187053 
  3.886284   1.525596 
  5.443155  -0.746042 
  0.525322   0.903615 
  1.768511  -0.213223 
  0.614028   0.823970 
  0.265905   0.902829 
  3.792525  -0.323278 
  4.122230  -1.414294 
  4.443705   0.979022 
  3.792570   1.257853 
  0.420855  -0.307998 
  0.377327  -0.419512 
  3.894099   0.454500 
  1.882151  -0.919904 
  1.851857  -1.481253 
 -0.358104   0.773402 
  0.063297  -0.579938 
  0.746388  -0.738247 
 -0.890921   0.041032 
  0.000802   0.810925 
  3.397297  -0.226259 
 -0.134474  -0.194940 
  2.982780   0.634029 
  3.338952  -0.016428 
  3.749519  -0.522315 
  2.244902  -0.047830 
  2.800970   1.627478 
  0.808565  -0.568477 
  0.260367  -0.842521 
  3.061003  -0.961673 
  3.147282   1.683033 
  4.855149  -1.050226 
  3.396742   0.251627 
  5.547215   0.310460 
  5.291583  -0.119262 
  0.966072   0.866120 
  3.027272   1.444455 
  3.225587  -0.362513 
  2.522968  -0.250113 
  0.170401   0.205743 
  0.681273  -0.245016 
 -0.062372   0.329863 
  0.090445   0.584381 
 -0.641792  -0.333016 
  0.268923   0.385318 
  2.881317   1.414880 
  0.925918  -0.592369 
  0.068028   0.917427 
  2.452609   0.166130 
 -0.040771   0.423665 
  3.251810  -2.977224 
  4.306999   0.884369 
  2.894137  -2.619171 
  2.331411   0.555323 
  0.587332  -0.666187 
 -0.814573  -0.114446 
  4.059454  -0.572048 
  4.458049  -0.308000 
  3.303171  -1.406061 
  0.761599   0.265987 
 -0.992253   0.859934 
  4.924094   0.139620 
  1.483357  -2.789151 
  0.023058   0.058662 
  0.356927   0.252949 
