  4.134870   4.170455 
 -1.874668  10.287676 
 -1.146471   1.190915 
 -0.810836   9.962367 
  5.654585  10.611237 
 -0.186709   0.725791 
  3.823367   7.641150 
  4.727208  10.398760 
 -0.933232  10.059281 
 -2.095648   9.167651 
  5.588822  -4.676637 
 -1.285675  11.623562 
 -2.691776  10.857997 
  7.508003  -5.578054 
  2.118071  11.999017 
 -0.399886   0.689997 
  6.631245   2.491679 
 -0.709750  10.668601 
  7.381676   5.791400 
 -2.019790   9.843283 
  1.791829  10.900565 
 -1.056473   1.415141 
  3.389819  11.850601 
 -1.780679   9.078098 
  0.658651   9.792843 
  2.978733  12.150621 
  6.015482  15.923505 
  6.182565  -2.252583 
  5.760675   6.468096 
  4.960979  -0.168773 
  5.000086   8.887492 
  1.095004  -1.873990 
  5.856367   3.134735 
  0.730957   0.577857 
  0.040314   0.677089 
  6.137800   9.105241 
  4.245062   8.964395 
  2.049731  -0.819014 
 -1.881555  10.314809 
  1.443508  -0.350975 
  6.246468   2.796670 
  6.881780  -3.472321 
  5.424070  10.832587 
  2.984473   7.402843 
  7.164590  -0.460249 
  5.779761   0.307955 
  3.729070  -1.958507 
  5.887307   6.675337 
  6.562363  11.991362 
  3.356571   9.070376 
  2.624446  -7.708123 
  6.972675   8.184777 
  5.654735  10.819200 
  5.042932  -3.513806 
 -0.947146  -0.374429 
  2.628228  -3.695660 
 -0.527520  10.055744 
  2.565365  -0.144295 
  2.743312   5.277529 
  4.477797   3.337129 
  5.257289  12.297636 
  2.664361  -1.612118 
  4.475120   5.753968 
  2.361126  13.259261 
 -1.988755   9.354854 
 -1.194271  10.231626 
  3.020481  14.688550 
  0.289502   1.478917 
  1.138028  -0.684139 
  2.416128  -0.255242 
  4.338802   7.047303 
  5.995539   5.209717 
  3.907048   7.036346 
  4.507327   2.320585 
 -2.854197   8.798685 
  4.760261  -0.228529 
  5.970591  -2.084218 
  4.700665  -1.521632 
  4.841340  15.373033 
  3.787034  -4.715769 
  5.938766  -3.162484 
  5.071759   7.803641 
  6.070796  11.935092 
  4.592619   2.809864 
 -1.867439  11.592941 
  7.036824  -5.531409 
  4.842676   7.614201 
  2.950894   5.679763 
  5.577614  -1.502561 
  5.111602   8.712443 
 -0.464973   0.370961 
  0.728283   2.112160 
  2.285405   6.420864 
  7.075668   8.635702 
 -3.381266  10.315543 
  1.553243   0.707894 
  8.914770  11.765898 
  8.729058  -1.189341 
 -1.139779  -0.211123 
  7.380490  -3.906731 
  6.270548  -2.104942 
  6.102369   6.150558 
  5.171981  -7.015972 
  4.013824  11.617168 
  4.357991   4.327945 
  3.737441   1.861761 
  2.536727   3.694769 
  4.773552  11.327283 
  6.888399   2.578507 
  3.710642   7.534944 
  2.963726  -0.637287 
  1.521013  -0.038439 
  7.454896  -2.436717 
 -1.992476   9.217107 
  6.173877  -0.879226 
  5.960272  12.338543 
  4.843358  13.112104 
  0.309287  10.524639 
 -0.011787   0.913141 
  5.111881  -3.874745 
  0.485498  -0.005005 
 -2.276218  11.276452 
  1.863401  -0.522559 
  5.206849   7.173228 
  6.360877   1.723936 
 -1.009885  10.218899 
  0.261662   1.213444 
  4.450666  -0.465971 
  2.459000  -5.822623 
  3.592891  10.983082 
  3.917581  -4.667358 
 -0.927314   9.287915 
  4.977429  -0.002860 
  4.501127   1.388014 
 -0.264013  -1.664011 
 -1.028975   0.243095 
 -3.256590   9.652817 
  3.117256   5.889039 
  2.957717   8.594166 
  0.173666  -0.116118 
 -0.935881   9.754614 
  1.964922  10.034070 
  5.142746   1.107875 
  5.999651  14.473295 
  3.904368   0.912829 
 -0.013177  -0.580264 
  9.272617  -0.901660 
 -1.409528   1.770101 
  5.651092  -3.916639 
  6.240700   4.444236 
  3.207915   0.473114 
 -0.139040  -1.163395 
 -0.816280   9.984570 
 -1.463781   9.283571 
  3.688881   1.100270 
  5.213628   6.468757 
  4.449789   7.743939 
 -0.491474   8.054921 
  1.638914  -2.007369 
 -0.185817   0.008934 
  6.673900   7.472053 
  3.557019  -0.704133 
  4.959072   0.976115 
  7.116590   2.175856 
 -1.750615   0.697348 
  0.811486   0.636345 
 -0.689920  10.327098 
 -2.672993   9.850673 
  0.101964  11.656500 
  0.116946  -0.591104 
  3.690585  -3.782316 
  4.904538   1.327706 
  4.339278   8.250356 
 -0.035979  -0.174760 
 -0.957265   1.292548 
  5.881819   4.483293 
  4.004540   6.084492 
  6.615299  10.144199 
  3.487583   9.688048 
  0.982299   3.793713 
  3.037619   7.590290 
  7.678959  -3.182351 
  4.174285   8.228429 
  8.239496   0.283152 
  2.837887   6.064188 
  8.471353   6.781105 
  8.270136  -4.395791 
  4.572925   9.303738 
  5.614998   7.996861 
 -0.977648  -0.446809 
 -0.917908  12.372648 
  5.458577   9.066819 
  6.403344  -1.706567 
  8.724959   3.873979 
  2.544869  -2.344598 
  7.681859   1.358292 
  5.786118   4.024332 
  5.455717  12.399715 
  3.726420   6.490881 
  4.628759   6.310886 
  4.856921  10.977194 
  7.746551   0.629444 
  3.915967  15.719667 
  6.650430  10.807664 
  6.343268  -1.778273 
 -1.143648  10.268503 
 -1.375025   8.952662 
  8.071341  11.520490 
  1.165728  11.644788 
  7.548702  12.234899 
  7.761565   4.619450 
  3.181142  -8.069618 
  8.577460   1.367792 
  5.040647  -1.420920 
  1.930211  10.774806 
  2.251043  -2.937499 
  4.582715   2.645695 
  5.751469  -4.708945 
  7.963752   0.114576 
  8.740906  -4.231467 
  3.434736  -2.685545 
 -2.107200   9.022943 
  3.072024  -8.327103 
  3.323624   0.900710 
 -2.183834   9.832385 
 -2.116989  10.168488 
  3.997587  -2.467767 
  0.508165  -0.420922 
  5.458267  -3.358240 
  4.707915   2.605883 
  3.219008  10.486717 
  4.527711  -0.264107 
  4.282856   2.728278 
  4.712909  14.876695 
  6.303608  -1.319967 
 -0.661443   0.248958 
  4.232968  -1.849679 
  5.110777   4.388190 
 -0.040007   2.046996 
  2.983871  13.304997 
 -2.423957  -0.223831 
  5.116140  -1.486149 
  4.594164   4.704231 
 -1.126352  -0.815002 
 -1.633386   9.413893 
  8.074818  10.490250 
  1.274467  -1.589676 
  3.695852  10.361613 
  4.558737  -0.976652 
  3.532676  -0.225868 
 -3.444004  10.612340 
  2.352994   7.684482 
  4.707771  10.868297 
  4.846735   6.083595 
  8.243944   2.192526 
  5.183627   7.173375 
  4.077326   5.079108 
  4.250941  -1.648189 
  8.502591   2.636286 
 -1.935011   9.707236 
  0.082823   0.766191 
  0.236850  10.326887 
 -1.136696  10.679387 
  6.109515  13.505706 
  1.259365   0.044151 
  4.371725   0.793477 
  6.993384   4.255691 
  3.914595  13.192799 
 -0.172141  -0.335955 
  6.082974  13.262389 
 -0.570253  -1.498605 
  4.899309  11.935587 
  5.166996   5.521332 
  4.338452  12.783042 
  3.430400   5.579075 
 -1.333345   8.607368 
 -3.300562   9.394978 
  2.022871   1.954900 
  4.445291   5.472103 
  3.223130  -3.452820 
 -0.071618  -2.414591 
  3.611302   5.130138 
  5.659296  12.094906 
  5.294351  -0.355036 
 -4.634981  10.028053 
  3.247380   9.070829 
  4.344844   5.946134 
 -1.419947  10.239756 
  4.298230  13.122345 
  8.156598   6.121391 
  4.948138  -3.887197 
  6.501668   1.750585 
 -2.517261   9.440791 
 -0.753371   0.925813 
  4.502959  -0.524421 
  2.483169   1.094170 
  0.690277  10.289696 
  2.154394  10.863750 
  2.128454  10.520006 
  1.613855   2.517160 
  1.141773   1.551936 
  7.767260   7.346677 
  0.442663   0.911098 
 -1.074086   0.201762 
  6.525726   5.491345 
 -0.952962   0.778175 
  4.987338  11.835704 
  7.728544  11.687138 
  3.425868  12.631997 
 -0.166888  -0.816228 
  9.188130  10.280534 
  3.125410  12.225086 
 -0.317972  10.593634 
  6.580306  10.368388 
  4.682843  13.048176 
  4.610482   0.264161 
  3.946730  -2.399195 
  4.463225   5.840789 
  0.248579   0.102452 
 -0.041007  -2.247582 
  3.978447   0.872349 
  5.738393   0.627188 
  4.925433   4.388415 
  5.678744   9.541028 
  0.485190   0.598751 
  4.827938   1.138522 
  4.329714   8.871428 
  4.235252  -3.336798 
  5.467151  14.323356 
  3.842937   8.244619 
  6.445727   0.138245 
  8.082558  -5.953685 
 -1.033741  -0.763708 
  0.176426  10.431612 
  4.112470   0.104986 
 -0.315671   0.977846 
  5.036590   2.862870 
  6.404682  -0.809447 
  4.772621   0.447792 
  3.401181  -0.835142 
 -2.089463   8.976736 
 -1.062462   8.868281 
 -0.710702  -1.169501 
  7.130874   7.618622 
  1.548455   2.846199 
  7.883733   2.352953 
  5.277330   6.991631 
 -2.752251  11.229615 
  7.301509  -2.128088 
 -1.193842  10.217133 
  4.253078  -2.912107 
  5.573733   3.633879 
  1.853897  17.054830 
  4.856036  19.201183 
  4.513366  10.606468 
  6.846414   9.375065 
  3.956590   5.011867 
 -0.870117   0.807542 
 -2.510635  10.743514 
  6.695797  -2.904653 
  0.532994   1.032848 
  2.895952  11.267398 
 -2.036787   8.772364 
  4.449802   9.438477 
  2.832850  -6.839745 
  3.181025  -0.019526 
  1.553020   4.420770 
 -2.600433   7.936075 
  5.221822   5.206650 
 -1.946998  10.161981 
  4.946244  10.607517 
  6.764336   0.638030 
  6.510591   1.778121 
  5.263760   0.980364 
  3.034305  -3.304306 
 -0.013058   0.354345 
  3.210582  12.842389 
  5.219075   9.560754 
  5.822158  -4.574017 
  5.767613  11.748263 
  3.978429   0.822227 
  3.804350   0.072698 
  5.838886  14.168863 
  6.542428  -9.254777 
  5.570860  12.891324 
 -2.008122  10.858438 
  6.549576  14.570809 
  7.463005   3.354973 
  1.690905   6.533614 
  0.685236  -0.974870 
 -2.606726  10.686794 
 -1.979951  11.063801 
  2.317900  11.678287 
  1.732052  -5.049328 
  5.587563   9.508726 
 -1.130341  -0.292538 
  3.834928  -3.137219 
  5.497202  -5.213822 
  5.627017  -7.087795 
  6.057979   1.202148 
  6.516385  -2.421791 
  0.680179  -1.072541 
  6.799544   2.569177 
  5.569425  -2.566630 
  3.453249  10.531446 
  4.326314  13.397663 
  4.785527  13.547222 
 -0.475347   0.068948 
  0.398592   1.116326 
  6.240902  -1.006861 
  2.256453   7.599460 
  5.663369   6.507974 
  5.582836   3.874774 
  5.489917  10.577415 
  5.812463  14.255934 
 -0.551576   8.974863 
  5.410836  12.061088 
  4.471953   8.733612 
  0.855948  -0.850954 
  6.623758  12.450846 
  6.519877   4.004818 
  8.074042  -5.634464 
  1.109526  -1.109704 
  5.770939   3.378308 
  6.636594   0.129671 
  3.147975  -0.391715 
  3.393941  -5.827521 
  3.197199  12.059224 
  6.108319  -1.453104 
 -1.938205  10.457432 
  5.398028  10.901452 
  0.080730   7.722763 
  5.678045  11.014629 
 -1.337739   9.419140 
  6.775504   0.601549 
  6.697643  13.373192 
  7.643836  -0.225207 
  7.634106  10.798061 
  2.140726   9.476047 
 -0.504968  -1.729141 
  4.165056  -2.152390 
  6.441553   1.187773 
  6.765690  10.994858 
  4.708917   9.686239 
  5.578322   4.076908 
  6.611459   5.255248 
  5.241786   9.222377 
  0.571732  -0.300140 
  7.268554   9.372253 
  2.065867   4.883710 
 -1.559164  10.565384 
 -0.693623   0.833869 
  0.525243   3.841754 
  4.996766  -5.651007 
  2.542546   0.725916 
  5.441884   6.478744 
  4.093866   4.898086 
  4.076072  10.114506 
  6.597566   3.138855 
  0.137892  -1.619146 
  1.706789   1.500474 
  3.525538  11.977241 
  2.231667   1.610938 
  6.258767   1.329466 
  2.973340  -1.215350 
  5.883825   4.434159 
  3.597167  -3.771602 
  7.004439  16.053182 
  6.418064  -2.617639 
 -1.771138   9.776503 
  3.293449   1.209694 
  5.219529   6.034364 
  3.633753  -0.972497 
  6.309580  -4.369379 
 -0.597539  -0.481813 
  6.966744  16.167422 
  7.854803  13.191171 
  5.653645  10.243665 
  2.000475  -1.463781 
  4.957926  10.799486 
  2.983608   7.673822 
  6.116353   5.840103 
  3.449037  10.948647 
 -0.465024   8.947717 
  6.251117  -2.791691 
  4.372956   7.892266 
  7.518121   3.004695 
 -2.105292  -0.360937 
  6.107113   4.552657 
  4.586669  -1.489486 
  5.987556  -3.048177 
  5.159655   8.174333 
  2.172278   8.654974 
  4.084156  -1.020147 
  4.397552   4.439922 
  7.188573   4.634584 
  4.747041   7.419927 
  5.427438   8.598148 
  5.129875  -6.152985 
  8.373496  11.145901 
  6.431934  15.595268 
  0.870518   7.397289 
 -1.823815  10.527839 
  3.893695   1.043979 
  2.546786  -0.663866 
 -0.301713   0.956956 
 -2.533366   9.098918 
  3.214897  10.975508 
  3.508387   5.612122 
  6.148539  11.122291 
  4.697234  11.105168 
  7.687405   2.167588 
  7.585813   8.675394 
  5.005043  13.096243 
  6.164901   4.350146 
 -3.503666  10.573586 
  3.178926  -5.709471 
 -0.359138  -0.397616 
 -1.161307  -1.109838 
  0.290672  -1.910239 
  7.629537   2.328617 
  4.449771  -0.080575 
  3.184047  -3.652799 
  5.747031  13.155363 
  7.557078   9.550403 
  6.225643  16.847813 
  0.266326   9.626041 
  0.238039   9.840420 
  3.593437   1.972170 
 -0.050296   1.163593 
  6.317617   4.574690 
 -3.029118   0.540578 
  2.982003  13.178165 
  8.164607   6.573191 
 -0.992098  10.158491 
  3.826146   5.509286 
  3.966702   4.297300 
  8.167752   2.688674 
 10.899091  14.746437 
  7.100136   7.314905 
  4.484694  -4.801458 
 -1.267656  -0.894948 
  6.178178  16.449202 
  7.695935  -1.719385 
 -2.177568   0.237000 
  3.529178   3.772032 
  5.896061   2.034249 
  6.713215  -0.931921 
  4.165060   9.279679 
  4.651354   0.761520 
  8.368589  10.418349 
  6.301335   7.280213 
  4.321550  12.555395 
  5.587938   7.028119 
 -0.067717  -8.326295 
 -0.346276  -0.610937 
  4.183617  -4.954639 
  5.454245   0.727909 
  3.560563   2.652166 
  1.713729  -3.698846 
  4.496676   5.455458 
  7.466510   5.231186 
 -1.764062   8.595641 
  6.317582  -8.948147 
  3.930109  21.208836 
  5.878395  -4.024655 
  6.773529   9.008147 
  7.070672   8.722927 
  7.683975   3.531051 
  5.427749  -1.047424 
  5.511698   9.332110 
 -2.079060  10.699851 
  3.406920  -2.804492 
  4.984803   7.456163 
  2.018197   3.046171 
  4.468650   4.516566 
  4.210727   9.496508 
  0.331506  -4.751388 
 -3.815689  11.108422 
 -2.142115  11.112757 
  6.118528  11.674294 
 -2.679385  10.284967 
  2.334130   7.466069 
  3.672799   0.694551 
  1.410263  -4.856854 
  5.395537   5.142647 
  5.732986   8.450286 
  4.902875  10.271980 
  8.915820   9.745032 
  6.877620  -0.278629 
  3.398082  11.082984 
  1.051826  -1.664211 
 -1.090792  -0.191731 
  0.463401  -0.924147 
  3.700685  12.180126 
  2.329785   3.666911 
  6.726655  -2.248440 
  6.320021   4.529405 
  0.314579   0.859573 
  0.128670   0.016568 
 -2.072801   9.005690 
  3.505283   9.892151 
 -1.011645   9.400983 
  7.953287   7.151696 
  6.290079   5.415282 
  3.265150   8.340184 
 -1.777583  11.871323 
 -1.889999   9.588659 
  0.511242  -1.199117 
 -2.096361  10.445817 
  4.408350   9.412013 
 -1.820457  10.421118 
  8.355357  16.989321 
  6.393928  -4.782338 
  5.726090   8.015344 
  2.911692   2.439987 
  5.968052  -0.678128 
 -2.378095   9.113626 
  1.319606   4.301317 
  2.652423   8.546062 
  5.350176  10.803017 
  2.518223  12.450014 
  5.853754   5.091812 
  3.979628   9.976702 
 -0.525496   0.717698 
  7.176747  11.751933 
 10.543579   9.438918 
  5.858977   3.116139 
 -2.546019   8.111605 
 -2.107952   8.683856 
  3.654736   6.841723 
  4.690403  13.315348 
 -0.449625  10.429040 
  3.878411  10.627565 
 -0.771509  -0.943390 
 -1.407569  -1.906131 
 -2.065293  10.672149 
  5.412294  -0.028435 
  5.040084   8.045437 
  8.772158  -0.769913 
  2.171209   8.940160 
  3.860852   9.574768 
 -0.390171  -0.844287 
  1.524486   8.426679 
  1.904134  -0.335217 
  0.907714   2.369602 
  6.039536   1.436838 
  7.105170   1.500743 
  1.295088  -0.186053 
  5.261467  -2.301694 
 -0.759267  -0.595170 
  6.624799   0.243393 
 -1.833687   1.827363 
  6.308150   4.593307 
  4.249782   0.726909 
  3.468771   9.627757 
  5.677539  13.617115 
  2.190355  -3.606995 
  3.713256  10.597753 
  7.689678   6.776956 
  0.741336   0.811980 
  4.714383  -0.349505 
 -2.800131  10.493249 
 -0.762426  11.295951 
  4.443608   0.759945 
  6.261456  -1.919920 
  5.459263  11.243589 
  6.042568   7.844103 
  7.691607   3.412228 
  0.244132  -3.823116 
 -2.325710   7.987772 
  1.567660   0.233337 
  0.646420  -1.129412 
  0.197038   1.696870 
  6.452067   2.773840 
  6.206713   9.795581 
  2.782668  17.504803 
 -1.352821   0.457021 
 -1.608825  12.073013 
  4.353363  15.138463 
  3.995203  10.733577 
  0.754800  -0.948189 
 -1.386843  11.760503 
 -1.911238  12.595570 
 -2.675470  12.786804 
 -2.016827  10.271651 
  3.171795   3.170202 
  4.365164  12.059167 
  6.657993  -5.861977 
  1.155413  -1.528317 
  0.044974   2.416609 
 -0.309892   0.187583 
 -1.052301   9.474297 
  2.768789  -5.573119 
  7.349688   1.698004 
  8.290961  -1.589816 
  7.017536   7.172912 
  6.204040  10.062509 
 -1.610426   1.238752 
  6.367174   7.267495 
  6.061958  17.470742 
 -1.645639  10.231700 
  7.575961  -0.047209 
  2.333310  -1.947200 
  0.755597  -0.911854 
  7.743367   0.859530 
  5.237689  11.346415 
  4.859695  -2.024083 
 -1.530692  11.299687 
  1.634798  -0.702809 
 -1.192747   8.972549 
  7.588992  10.052256 
  5.437410  15.996160 
 -4.078805  10.112917 
  2.827017  -5.454087 
  6.274811  -1.416017 
  4.193349   0.294267 
  4.129302   8.030821 
  6.756125   7.148725 
 -0.258363   0.493299 
  3.394612  -0.029150 
  6.255142   0.540336 
  2.580735  -1.306246 
  7.047052  12.722284 
  3.332231  -2.053322 
  5.131328  -0.043196 
  4.846027  -5.455055 
 -0.297393   9.531016 
  5.189238  11.004750 
  6.838707   1.785476 
 -1.754560   8.599481 
  0.969571   1.593698 
  2.124166   4.630194 
  4.850581  10.285108 
  3.313520   8.023759 
  4.943587  -4.352957 
  6.466079  10.208529 
  5.298288   5.585500 
 -0.777250   1.550277 
  7.110003  -0.583290 
 -1.685516  11.419571 
  0.327348   0.475653 
  5.797508  -0.254695 
  1.314784   0.978279 
  8.444228  -1.443056 
  0.565133   0.739851 
 -1.779862  11.312807 
  6.258303  -3.877956 
 -0.447001  -0.725993 
  5.708091  -1.773702 
  0.792506  -2.326395 
  1.450110  -0.329805 
  0.701872   8.365061 
  3.927350   1.915279 
  7.985206  -1.593351 
 -0.496416   1.235260 
  5.081853   2.619636 
  1.230764   0.304903 
  7.155542  12.678028 
  2.360840   8.217830 
  6.110232   3.148311 
 -0.760453  -2.443886 
 -0.659366  -0.114779 
  5.600159   7.956015 
 -5.073745  11.551042 
  4.185262  14.998333 
 -1.353242   0.903970 
  6.083342   8.372429 
  9.860831   7.071677 
  6.594574   0.108487 
  6.081477  12.393725 
 -0.590052  -0.261084 
  1.517068   1.007259 
  5.606842   7.140218 
  4.017616  13.036133 
  5.721579   9.718702 
  6.498602   3.728111 
  7.426451   9.788166 
  4.214959  12.133414 
  6.287159   3.568324 
  6.868873  14.300038 
  4.501027   7.523461 
  3.812351  -0.918086 
  1.242847  -1.548902 
  4.226479  10.962844 
  6.652308  -3.427475 
  4.791406  10.447472 
  5.125087  11.300684 
 -0.103963  -0.696775 
 -0.386823   0.016134 
  7.738424  11.459071 
  5.137482   1.029656 
 -1.527367  11.782735 
  5.521154  15.287547 
  5.633937  12.812155 
  0.580874   1.778584 
 -0.938075  -0.916672 
  0.376006   0.909780 
  5.308500   9.292076 
 -0.511292   9.378361 
