  0.737102   0.727548   0.968755 
  0.780141   0.793945   0.533498 
  0.817547   0.531514   0.407795 
  0.808684   0.819651   0.285277 
  0.453798   0.135540   0.429501 
  0.656860   0.575208   0.410077 
  0.431651   0.695331   0.557760 
  0.489688   0.214353   0.456081 
  0.804746   0.796908   0.003893 
  0.840711   0.772817   0.652284 
  0.422836   0.664969   0.503632 
  0.823527   0.663382   0.144476 
  0.738663   0.712997   0.494751 
  0.539126   0.331204   0.501051 
  0.790043   0.657933   0.640653 
  0.260728   0.426215   0.408340 
  0.425259   0.731308   0.548879 
  0.702426   0.682007   0.303903 
  0.822589   0.685134   0.469839 
  0.705251   0.673915   0.239209 
  0.598524   0.089932   0.455261 
  0.531334   0.908778   0.409905 
  0.819976   0.684332   0.749155 
  0.775201   0.820832   0.274807 
  0.440085   0.234278   0.458184 
  0.769048   0.725841   0.641100 
  0.341125   0.439620   0.469374 
  0.738427   0.577639   0.431396 
  0.679017   0.439013   0.585521 
  0.416159   0.938845   0.591245 
  0.404580   0.771327   0.557218 
  0.530344   0.641570   0.401481 
  0.484853   0.388762   0.414886 
  0.520052   0.355525   0.541136 
  0.442402   0.136395   0.405957 
  0.795281   0.741532   0.828847 
  0.359228   0.544465   0.578093 
  0.704047   0.454909   0.439755 
  0.711879   0.748293   0.619421 
  0.442305   0.332499   0.471846 
  0.495006   0.330012   0.567484 
  0.560560   0.032442   0.576571 
  0.879571   0.785576   0.058248 
  0.811401   0.793694   0.093041 
  0.000522   0.412440   0.583256 
  0.479523   0.660239   0.409939 
  0.083483   0.499650   0.544919 
  0.552291   0.131284   0.575129 
  0.362411   0.499818   0.449513 
  0.756928   0.760806   0.178710 
  0.445183   0.741438   0.435135 
  0.417029   0.905794   0.428089 
  0.301306   0.538427   0.464801 
  0.648198   0.463507   0.448765 
  0.177108   0.502422   0.545935 
  0.505428   0.942045   0.532175 
  0.850415   0.682179   0.398081 
  0.526102   0.202589   0.530799 
  0.707253   0.537150   0.507179 
  0.556670   0.407010   0.433258 
  0.768482   0.668252   0.924847 
  0.784428   0.507031   0.423220 
  0.291570   0.508238   0.571435 
  0.196249   0.408387   0.575261 
  0.707299   0.672280   0.776013 
  0.783020   0.709314   0.698884 
  0.212031   0.495932   0.567780 
  0.402184   0.441639   0.533547 
  0.154370   0.569458   0.472795 
  0.422646   0.022264   0.448689 
  0.708750   0.679099   0.147308 
  0.163570   0.491141   0.460458 
  0.812592   0.783014   0.453172 
  0.516558   0.708183   0.569121 
  0.813283   0.847540   0.905964 
  0.525045   0.894648   0.520869 
  0.546449   0.206847   0.508216 
  0.505637   0.771914   0.441956 
  0.087500   0.458621   0.508285 
  0.045051   0.434101   0.542999 
  0.451639   0.598488   0.585327 
  0.782325   0.812129   0.071062 
  0.625938   0.550467   0.525194 
  0.410629   0.571168   0.440954 
  0.836320   0.727002   0.857647 
  0.602638   0.533313   0.458856 
  0.770875   0.653643   0.008981 
  0.787865   0.736479   0.208826 
  0.099095   0.446879   0.503754 
  0.099090   0.478774   0.419878 
  0.557295   0.992796   0.530359 
  0.730585   0.492421   0.410608 
  0.552262   0.908832   0.515302 
  0.898409   0.738702   0.189780 
  0.896963   0.733628   0.132777 
  0.619472   0.508132   0.513685 
  0.360637   0.538875   0.441904 
  0.731051   0.549568   0.555622 
  0.403491   0.620574   0.557131 
  0.544906   0.507674   0.516447 
  0.433261   0.501544   0.540759 
  0.886056   0.757946   0.244497 
  0.503888   0.649359   0.460913 
  0.800820   0.576596   0.528690 
  0.810950   0.445664   0.438576 
  0.417047   0.530815   0.412204 
  0.913712   0.511238   0.526236 
  0.574737   0.695436   0.437027 
  0.950915   0.470697   0.542227 
  0.831871   0.485251   0.574579 
  0.539905   0.025156   0.472531 
  0.631141   0.432381   0.487560 
  0.570838   0.214478   0.484302 
  0.801090   0.672597   0.811252 
  0.491806   0.264399   0.442896 
  0.866360   0.776772   0.735274 
  0.620055   0.453945   0.467938 
  0.881542   0.715821   0.872135 
  0.562056   0.541257   0.592904 
  0.015645   0.415485   0.458894 
  0.435176   0.764921   0.443894 
  0.738361   0.749226   0.602433 
  0.505133   0.833972   0.580433 
  0.828031   0.732485   0.195576 
  0.801727   0.684100   0.131872 
  0.895810   0.834738   0.183892 
  0.507849   0.912172   0.472531 
  0.424858   0.203073   0.460342 
  0.189180   0.505193   0.466677 
  0.855301   0.810404   0.963880 
  0.268076   0.567635   0.415959 
  0.843285   0.662929   0.873965 
  0.436327   0.106923   0.566640 
  0.705951   0.424442   0.436731 
  0.402434   0.545242   0.529283 
  0.442398   0.357135   0.479319 
  0.715146   0.766182   0.723755 
  0.532426   0.380648   0.470877 
  0.818714   0.478113   0.432073 
  0.147849   0.400417   0.452309 
  0.827660   0.838253   0.223870 
  0.532283   0.004125   0.413518 
  0.056933   0.563496   0.523725 
  0.979765   0.516700   0.454469 
  0.448020   0.899758   0.421071 
  0.061401   0.532835   0.497487 
  0.236930   0.589397   0.442836 
  0.576053   0.107926   0.471228 
  0.511409   0.694903   0.509327 
  0.452207   0.638362   0.522753 
  0.710409   0.505403   0.541639 
  0.948109   0.555995   0.474388 
  0.846637   0.785393   0.732273 
  0.835152   0.784627   0.755008 
  0.584641   0.626902   0.423915 
  0.328690   0.598568   0.598768 
  0.995481   0.464850   0.588611 
  0.783037   0.650202   0.485961 
  0.535067   0.011679   0.472210 
  0.304349   0.596256   0.528937 
  0.715122   0.750736   0.470241 
  0.540550   0.271798   0.472252 
  0.256835   0.466639   0.517639 
  0.403969   0.551666   0.448163 
  0.813977   0.494362   0.505823 
  0.540106   0.538793   0.517211 
  0.810177   0.694558   0.384263 
  0.846466   0.826003   0.031891 
  0.092989   0.488630   0.595456 
  0.536788   0.642410   0.546620 
  0.762110   0.500775   0.571447 
  0.433299   0.378594   0.507846 
  0.780896   0.719918   0.796762 
  0.327942   0.573570   0.556634 
  0.440943   0.216239   0.579625 
  0.978985   0.464972   0.488377 
  0.738560   0.537076   0.567779 
  0.805112   0.463277   0.512237 
  0.407731   0.919762   0.532469 
  0.824078   0.420672   0.585564 
  0.556998   0.737898   0.537075 
  0.538601   0.246189   0.522054 
  0.528559   0.781287   0.580182 
  0.051436   0.449977   0.492930 
  0.543299   0.210636   0.402244 
  0.502201   0.238147   0.459990 
  0.290462   0.566548   0.439281 
  0.402554   0.550750   0.537876 
  0.882533   0.849512   0.030700 
  0.675862   0.524301   0.499135 
  0.899624   0.676883   0.034983 
  0.855066   0.793197   0.772741 
  0.599438   0.710541   0.486694 
  0.572239   0.083664   0.596731 
  0.429302   0.487784   0.401436 
  0.090166   0.481772   0.501144 
  0.401883   0.370152   0.441078 
  0.631931   0.436121   0.467026 
  0.708220   0.763119   0.339844 
  0.811784   0.789978   0.207920 
  0.720343   0.403117   0.449142 
  0.198737   0.457556   0.584351 
  0.720475   0.656962   0.022712 
  0.519716   0.648705   0.453824 
  0.444330   0.947338   0.574632 
  0.805764   0.678086   0.048980 
  0.754681   0.767509   0.548385 
  0.941818   0.598784   0.472886 
  0.446216   0.457255   0.405458 
  0.465662   0.725843   0.559538 
  0.903665   0.557388   0.467173 
  0.654883   0.463419   0.431153 
  0.053978   0.402483   0.433870 
  0.681479   0.561168   0.479276 
  0.851875   0.823005   0.392716 
  0.858353   0.437859   0.479916 
  0.516271   0.869492   0.547122 
  0.123861   0.535169   0.566716 
  0.406830   0.011637   0.453130 
  0.591584   0.695748   0.524401 
  0.515766   0.793673   0.519618 
  0.708337   0.799351   0.254001 
  0.575184   0.143478   0.554883 
  0.034777   0.491320   0.411086 
  0.881196   0.782757   0.418660 
  0.814598   0.767143   0.482540 
  0.408869   0.390100   0.432210 
  0.557293   0.319321   0.575051 
  0.558565   0.028035   0.540404 
  0.466757   0.581015   0.459341 
  0.522232   0.411930   0.449623 
  0.421069   0.626196   0.409820 
  0.859480   0.580403   0.456865 
  0.450388   0.772274   0.446047 
  0.469101   0.604939   0.548726 
  0.980563   0.455798   0.455368 
  0.482230   0.635435   0.420736 
  0.231095   0.536072   0.549670 
  0.724992   0.534216   0.455625 
  0.244173   0.443176   0.466716 
  0.648027   0.546175   0.487883 
  0.098337   0.409146   0.491760 
  0.837934   0.813885   0.382050 
  0.170903   0.523322   0.594296 
  0.803922   0.729909   0.752891 
  0.443066   0.568530   0.497978 
  0.607727   0.564722   0.534419 
  0.476575   0.871254   0.534424 
  0.014854   0.557545   0.518680 
  0.544418   0.678022   0.433285 
  0.727469   0.717013   0.356843 
  0.474215   0.103216   0.417498 
  0.502746   0.909741   0.596612 
  0.507435   0.361125   0.566930 
  0.898940   0.460586   0.502469 
  0.456525   0.032971   0.475994 
  0.504811   0.517449   0.566837 
  0.510040   0.658997   0.456642 
  0.511008   0.872116   0.558858 
  0.718395   0.791109   0.871178 
  0.986927   0.504160   0.502758 
  0.756993   0.699769   0.404985 
  0.791639   0.718811   0.649469 
  0.783708   0.794223   0.986876 
  0.587403   0.460044   0.564631 
  0.569268   0.426623   0.469069 
  0.517541   0.770147   0.500368 
  0.420400   0.045145   0.542572 
  0.496799   0.276120   0.556182 
  0.140874   0.574108   0.418293 
  0.560857   0.284314   0.549846 
  0.548009   0.856589   0.575293 
  0.513364   0.291900   0.571671 
  0.882561   0.693624   0.633899 
  0.759832   0.418244   0.559869 
  0.799470   0.691432   0.198654 
  0.705841   0.847148   0.921034 
  0.436933   0.297543   0.468463 
  0.543270   0.142859   0.556997 
  0.895597   0.459418   0.453215 
  0.202616   0.590634   0.441566 
  0.873536   0.512972   0.567137 
  0.560333   0.659121   0.440186 
  0.511064   0.568183   0.558541 
  0.702413   0.810850   0.182251 
  0.550495   0.774849   0.403663 
  0.596022   0.025752   0.562838 
  0.867174   0.808883   0.103057 
  0.726912   0.715530   0.804057 
  0.452174   0.894076   0.417742 
  0.390431   0.597233   0.543890 
  0.501415   0.335996   0.430952 
  0.750257   0.675414   0.108711 
  0.276995   0.458718   0.486191 
  0.950034   0.411363   0.457292 
  0.721327   0.512073   0.415731 
  0.730887   0.725707   0.374523 
  0.496722   0.581145   0.418799 
  0.782968   0.579087   0.475983 
  0.566621   0.836963   0.477735 
