"crab" <- 
structure(.Data = list("sp" = structure(.Data = c(1, 1, 1, 1, 1, 1, 1, 1, 1, 1, 1, 1, 1, 1, 1, 1, 1, 1, 1, 1, 1, 1, 1, 1, 1,
	1, 1, 1, 1, 1, 1, 1, 1, 1, 1, 1, 1, 1, 1, 1, 1, 1, 1, 1, 1, 1, 1, 1,
	1, 1, 1, 1, 1, 1, 1, 1, 1, 1, 1, 1, 1, 1, 1, 1, 1, 1, 1, 1, 1, 1, 1,
	1, 1, 1, 1, 1, 1, 1, 1, 1, 1, 1, 1, 1, 1, 1, 1, 1, 1, 1, 1, 1, 1, 1,
	1, 1, 1, 1, 1, 1, 2, 2, 2, 2, 2, 2, 2, 2, 2, 2, 2, 2, 2, 2, 2, 2, 2,
	2, 2, 2, 2, 2, 2, 2, 2, 2, 2, 2, 2, 2, 2, 2, 2, 2, 2, 2, 2, 2, 2, 2,
	2, 2, 2, 2, 2, 2, 2, 2, 2, 2, 2, 2, 2, 2, 2, 2, 2, 2, 2, 2, 2, 2, 2,
	2, 2, 2, 2, 2, 2, 2, 2, 2, 2, 2, 2, 2, 2, 2, 2, 2, 2, 2, 2, 2, 2, 2,
	2, 2, 2, 2, 2, 2, 2, 2, 2, 2, 2, 2, 2, 2)
, levels = c("B", "O")
, class = "factor"
)
, "sex" = structure(.Data = c(2, 2, 2, 2, 2, 2, 2, 2, 2, 2, 2, 2, 2, 2, 2, 2, 2, 2, 2, 2, 2, 2, 2, 2, 2,
	2, 2, 2, 2, 2, 2, 2, 2, 2, 2, 2, 2, 2, 2, 2, 2, 2, 2, 2, 2, 2, 2, 2,
	2, 2, 1, 1, 1, 1, 1, 1, 1, 1, 1, 1, 1, 1, 1, 1, 1, 1, 1, 1, 1, 1, 1,
	1, 1, 1, 1, 1, 1, 1, 1, 1, 1, 1, 1, 1, 1, 1, 1, 1, 1, 1, 1, 1, 1, 1,
	1, 1, 1, 1, 1, 1, 2, 2, 2, 2, 2, 2, 2, 2, 2, 2, 2, 2, 2, 2, 2, 2, 2,
	2, 2, 2, 2, 2, 2, 2, 2, 2, 2, 2, 2, 2, 2, 2, 2, 2, 2, 2, 2, 2, 2, 2,
	2, 2, 2, 2, 2, 2, 2, 2, 2, 2, 1, 1, 1, 1, 1, 1, 1, 1, 1, 1, 1, 1, 1,
	1, 1, 1, 1, 1, 1, 1, 1, 1, 1, 1, 1, 1, 1, 1, 1, 1, 1, 1, 1, 1, 1, 1,
	1, 1, 1, 1, 1, 1, 1, 1, 1, 1, 1, 1, 1, 1)
, levels = c("F", "M")
, class = "factor"
)
, "index" = c(1., 2., 3., 4., 5., 6., 7., 8., 9., 10., 11., 12., 13., 14., 15., 16., 17.,
	18., 19., 20., 21., 22., 23., 24., 25., 26., 27., 28., 29., 30., 31.,
	32., 33., 34., 35., 36., 37., 38., 39., 40., 41., 42., 43., 44., 45.,
	46., 47., 48., 49., 50., 1., 2., 3., 4., 5., 6., 7., 8., 9., 10., 11.,
	12., 13., 14., 15., 16., 17., 18., 19., 20., 21., 22., 23., 24., 25.,
	26., 27., 28., 29., 30., 31., 32., 33., 34., 35., 36., 37., 38., 39.,
	40., 41., 42., 43., 44., 45., 46., 47., 48., 49., 50., 1., 2., 3.,
	4., 5., 6., 7., 8., 9., 10., 11., 12., 13., 14., 15., 16., 17., 18.,
	19., 20., 21., 22., 23., 24., 25., 26., 27., 28., 29., 30., 31., 32.,
	33., 34., 35., 36., 37., 38., 39., 40., 41., 42., 43., 44., 45., 46.,
	47., 48., 49., 50., 1., 2., 3., 4., 5., 6., 7., 8., 9., 10., 11., 12.,
	13., 14., 15., 16., 17., 18., 19., 20., 21., 22., 23., 24., 25., 26.,
	27., 28., 29., 30., 31., 32., 33., 34., 35., 36., 37., 38., 39., 40.,
	41., 42., 43., 44., 45., 46., 47., 48., 49., 50.)
, "FL" = c(8.0999999999999996, 8.8000000000000007, 9.1999999999999993, 
	9.5999999999999996, 9.8000000000000007, 10.800000000000001, 11.1, 11.6,
	11.800000000000001, 11.800000000000001, 12.199999999999999, 
	12.300000000000001, 12.6, 12.800000000000001, 12.800000000000001, 12.9,
	13.1, 13.1, 13.300000000000001, 13.9, 14.300000000000001, 14.6, 15.,
	15., 15., 15.199999999999999, 15.4, 15.699999999999999, 15.9, 
	16.100000000000001, 16.100000000000001, 16.199999999999999, 
	16.300000000000001, 16.399999999999999, 16.600000000000001, 
	16.800000000000001, 16.899999999999999, 17.100000000000001, 
	17.100000000000001, 17.199999999999999, 17.699999999999999, 
	17.899999999999999, 18., 18.800000000000001, 19.300000000000001, 
	19.300000000000001, 19.699999999999999, 19.800000000000001, 
	19.800000000000001, 21.300000000000001, 7.2000000000000002, 9., 
	9.0999999999999996, 9.0999999999999996, 9.5, 9.8000000000000007, 10.1,
	10.300000000000001, 10.4, 10.800000000000001, 11., 11.199999999999999,
	11.5, 11.6, 11.6, 11.699999999999999, 11.9, 12., 12., 12.6, 
	12.800000000000001, 12.800000000000001, 12.800000000000001, 13., 13.1,
	13.199999999999999, 13.4, 13.699999999999999, 13.9, 14.699999999999999,
	14.9, 15., 15., 15.1, 15.1, 15.1, 15.199999999999999, 
	15.300000000000001, 15.4, 15.5, 15.6, 15.6, 15.699999999999999, 
	15.800000000000001, 16.199999999999999, 16.399999999999999, 
	16.699999999999999, 17.399999999999999, 17.5, 19.199999999999999, 
	9.0999999999999996, 10.199999999999999, 10.699999999999999, 11.4, 12.5,
	12.5, 12.699999999999999, 13.199999999999999, 13.4, 13.699999999999999,
	14., 14.1, 14.1, 14.1, 14.199999999999999, 14.199999999999999, 
	14.199999999999999, 14.6, 14.699999999999999, 15.1, 15.1, 15.4, 
	15.699999999999999, 16.199999999999999, 16.300000000000001, 
	17.100000000000001, 17.399999999999999, 17.5, 17.5, 17.800000000000001,
	17.899999999999999, 18., 18.199999999999999, 18.399999999999999, 
	18.600000000000001, 18.600000000000001, 18.800000000000001, 
	18.800000000000001, 19.399999999999999, 19.399999999999999, 
	20.100000000000001, 20.600000000000001, 21., 21.5, 21.600000000000001,
	21.600000000000001, 21.899999999999999, 22.100000000000001, 23., 
	23.100000000000001, 10.699999999999999, 11.4, 12.5, 12.6, 12.9, 14.,
	14., 14.300000000000001, 14.699999999999999, 14.9, 15., 15.6, 15.6,
	15.6, 15.699999999999999, 16.100000000000001, 16.100000000000001, 
	16.199999999999999, 16.699999999999999, 17.100000000000001, 17.5, 17.5,
	17.5, 17.600000000000001, 18., 18., 18.300000000000001, 
	18.399999999999999, 18.399999999999999, 18.5, 18.600000000000001, 
	18.800000000000001, 18.899999999999999, 19.100000000000001, 
	19.100000000000001, 19.699999999999999, 19.899999999999999, 
	19.899999999999999, 20., 20.100000000000001, 20.300000000000001, 20.5,
	20.600000000000001, 20.899999999999999, 21.300000000000001, 
	21.399999999999999, 21.699999999999999, 21.899999999999999, 22.5, 
	23.100000000000001)
, "RW" = c(6.7000000000000002, 7.7000000000000002, 7.7999999999999998, 
	7.9000000000000004, 8., 9., 9.9000000000000004, 9.0999999999999996,
	9.5999999999999996, 10.5, 10.800000000000001, 11., 10., 
	10.199999999999999, 10.9, 11., 10.6, 10.9, 11.1, 11.1, 11.6, 
	11.300000000000001, 10.9, 11.5, 11.9, 12.1, 11.800000000000001, 12.6,
	12.699999999999999, 11.6, 12.800000000000001, 13.300000000000001, 
	12.699999999999999, 13., 13.5, 12.800000000000001, 13.199999999999999,
	12.6, 12.699999999999999, 13.5, 13.6, 14.1, 13.699999999999999, 
	15.800000000000001, 13.5, 13.800000000000001, 15.300000000000001, 
	14.199999999999999, 14.300000000000001, 15.699999999999999, 6.5, 8.5,
	8.0999999999999996, 8.1999999999999993, 8.1999999999999993, 
	8.9000000000000004, 9.3000000000000007, 9.5, 9.6999999999999993, 9.5,
	9.8000000000000007, 10., 11., 11., 11.4, 10.6, 11.4, 10.699999999999999,
	11.1, 12.199999999999999, 11.699999999999999, 12.199999999999999, 
	12.199999999999999, 11.4, 11.5, 12.199999999999999, 11.800000000000001,
	12.5, 13., 12.5, 13.199999999999999, 13.800000000000001, 
	14.199999999999999, 13.300000000000001, 13.5, 13.800000000000001, 
	14.300000000000001, 14.199999999999999, 13.300000000000001, 
	13.800000000000001, 13.9, 14.699999999999999, 13.9, 15., 
	15.199999999999999, 14., 16.100000000000001, 16.899999999999999, 
	16.699999999999999, 16.5, 6.9000000000000004, 8.1999999999999993, 
	8.5999999999999996, 9., 9.4000000000000004, 9.4000000000000004, 10.4,
	11., 10.1, 11., 11.5, 10.4, 10.5, 10.699999999999999, 10.6, 
	10.699999999999999, 11.300000000000001, 11.300000000000001, 11.1, 11.4,
	11.5, 11.1, 12.199999999999999, 11.800000000000001, 11.6, 12.6, 
	12.800000000000001, 12., 12.699999999999999, 12.5, 12.9, 13.4, 
	13.699999999999999, 13.4, 13.4, 13.5, 13.4, 13.800000000000001, 14.1,
	14.4, 13.699999999999999, 14.4, 15., 15.5, 15.4, 14.800000000000001,
	15.699999999999999, 15.800000000000001, 16.800000000000001, 
	15.699999999999999, 9.6999999999999993, 9.1999999999999993, 10., 11.5,
	11.199999999999999, 11.9, 12.800000000000001, 12.199999999999999, 
	13.199999999999999, 13., 12.300000000000001, 13.5, 14., 14.1, 13.6,
	13.6, 13.699999999999999, 14., 14.300000000000001, 14.5, 
	14.300000000000001, 14.4, 14.699999999999999, 14., 14.9, 
	16.300000000000001, 15.699999999999999, 15.5, 15.699999999999999, 14.6,
	14.5, 15.199999999999999, 16.699999999999999, 16., 16.300000000000001,
	16.699999999999999, 16.600000000000001, 17.899999999999999, 
	16.699999999999999, 17.199999999999999, 16., 17.5, 17.5, 16.5, 
	18.399999999999999, 18., 17.100000000000001, 17.199999999999999, 
	17.199999999999999, 20.199999999999999)
, "CL" = c(16.100000000000001, 18.100000000000001, 19., 20.100000000000001, 
	20.300000000000001, 23., 23.800000000000001, 24.5, 24.199999999999999,
	25.199999999999999, 27.300000000000001, 26.800000000000001, 
	27.699999999999999, 27.199999999999999, 27.399999999999999, 
	26.800000000000001, 28.199999999999999, 28.300000000000001, 
	27.800000000000001, 29.199999999999999, 31.300000000000001, 
	31.899999999999999, 31.399999999999999, 32.399999999999999, 32.5, 
	32.299999999999997, 33., 35.799999999999997, 34., 33.799999999999997,
	34.899999999999999, 36., 35.600000000000001, 35.700000000000003, 
	38.100000000000001, 36.200000000000003, 37.299999999999997, 
	36.399999999999999, 36.700000000000003, 37.600000000000001, 
	38.700000000000003, 39.700000000000003, 39.200000000000003, 
	42.100000000000001, 41.600000000000001, 40.899999999999999, 
	41.899999999999999, 43.200000000000003, 42.399999999999999, 
	47.100000000000001, 14.699999999999999, 19.300000000000001, 18.5, 
	19.199999999999999, 19.600000000000001, 20.399999999999999, 
	20.899999999999999, 21.300000000000001, 21.699999999999999, 22.5, 22.5,
	22.800000000000001, 24.699999999999999, 24.600000000000001, 
	23.699999999999999, 24.899999999999999, 26., 24.600000000000001, 
	25.399999999999999, 26.100000000000001, 27.100000000000001, 
	26.699999999999999, 27.899999999999999, 27.300000000000001, 
	27.600000000000001, 27.899999999999999, 28.399999999999999, 
	28.600000000000001, 30., 30.100000000000001, 30.100000000000001, 
	31.699999999999999, 32.799999999999997, 31.800000000000001, 
	31.899999999999999, 31.699999999999999, 33.899999999999999, 
	32.600000000000001, 32.399999999999999, 33.399999999999999, 
	32.799999999999997, 33.899999999999999, 33.600000000000001, 34.5, 34.5,
	34.200000000000003, 36.600000000000001, 38.200000000000003, 
	38.600000000000001, 40.899999999999999, 16.699999999999999, 
	20.199999999999999, 20.699999999999999, 22.699999999999999, 
	23.199999999999999, 24.199999999999999, 26., 27.100000000000001, 
	26.600000000000001, 27.5, 29.199999999999999, 28.899999999999999, 
	29.100000000000001, 28.699999999999999, 28.699999999999999, 
	27.800000000000001, 29.199999999999999, 29.899999999999999, 29., 
	30.199999999999999, 30.899999999999999, 30.199999999999999, 
	31.699999999999999, 32.299999999999997, 31.600000000000001, 35., 
	36.100000000000001, 34.399999999999999, 34.600000000000001, 36., 
	36.899999999999999, 36.700000000000003, 38.799999999999997, 
	37.899999999999999, 37.799999999999997, 36.899999999999999, 
	37.200000000000003, 39.200000000000003, 39.100000000000001, 
	39.799999999999997, 40.600000000000001, 42.799999999999997, 
	42.899999999999999, 45.5, 45.700000000000003, 43.399999999999999, 
	45.399999999999999, 44.600000000000001, 47.200000000000003, 
	47.600000000000001, 21.399999999999999, 21.699999999999999, 
	24.100000000000001, 25., 25.800000000000001, 27., 28.800000000000001,
	28.100000000000001, 29.600000000000001, 30., 30.100000000000001, 
	31.199999999999999, 31.600000000000001, 31., 31., 31.600000000000001,
	31.399999999999999, 31.600000000000001, 32.299999999999997, 
	33.100000000000001, 34.5, 34.5, 33.299999999999997, 34., 
	34.700000000000003, 37.899999999999999, 35.100000000000001, 
	35.600000000000001, 36.5, 37., 34.700000000000003, 35.799999999999997,
	36.299999999999997, 37.799999999999997, 37.899999999999999, 
	39.899999999999999, 39.399999999999999, 40.100000000000001, 
	40.399999999999999, 39.799999999999997, 39.399999999999999, 40., 41.5,
	39.899999999999999, 43.799999999999997, 41.200000000000003, 
	41.700000000000003, 42.600000000000001, 43., 46.200000000000003)
, "CW" = c(19., 20.800000000000001, 22.399999999999999, 23.100000000000001, 23., 26.5,
	27.100000000000001, 28.399999999999999, 27.800000000000001, 
	29.300000000000001, 31.600000000000001, 31.5, 31.699999999999999, 
	31.800000000000001, 31.5, 30.899999999999999, 32.299999999999997, 
	32.399999999999999, 32.299999999999997, 33.299999999999997, 35.5, 
	36.399999999999999, 36.399999999999999, 37., 37.200000000000003, 
	36.700000000000003, 37.5, 40.299999999999997, 38.899999999999999, 39.,
	40.700000000000003, 41.700000000000003, 40.899999999999999, 
	41.799999999999997, 43.399999999999999, 41.799999999999997, 
	42.700000000000003, 42., 41.899999999999999, 43.899999999999999, 44.5,
	44.600000000000001, 44.399999999999999, 49., 47.399999999999999, 46.5,
	48.5, 49.700000000000003, 48.899999999999999, 54.600000000000001, 
	17.100000000000001, 22.699999999999999, 21.600000000000001, 
	22.199999999999999, 22.399999999999999, 23.899999999999999, 
	24.399999999999999, 24.699999999999999, 25.399999999999999, 
	26.300000000000001, 25.699999999999999, 26.899999999999999, 
	29.199999999999999, 28.5, 27.699999999999999, 28.5, 30.100000000000001,
	28.899999999999999, 29.199999999999999, 31.600000000000001, 
	31.199999999999999, 31.100000000000001, 31.899999999999999, 
	31.800000000000001, 32.600000000000001, 32.100000000000001, 
	32.700000000000003, 33.799999999999997, 34.899999999999999, 
	34.700000000000003, 35.600000000000001, 36.899999999999999, 
	37.399999999999999, 36.299999999999997, 37., 36.600000000000001, 38.5,
	38.299999999999997, 37.600000000000001, 38.700000000000003, 
	37.899999999999999, 39.5, 38.5, 40.299999999999997, 40.100000000000001,
	39.799999999999997, 41.899999999999999, 44.100000000000001, 44.5, 
	47.899999999999999, 18.600000000000001, 22.199999999999999, 
	22.699999999999999, 24.800000000000001, 26., 27., 28.800000000000001,
	30.399999999999999, 29.600000000000001, 30.5, 32.200000000000003, 
	31.800000000000001, 31.600000000000001, 31.899999999999999, 
	31.699999999999999, 30.899999999999999, 32.200000000000003, 33.5, 
	32.100000000000001, 33.299999999999997, 34., 33.600000000000001, 
	34.200000000000003, 35.299999999999997, 34.200000000000003, 
	38.899999999999999, 39.5, 37.299999999999997, 38.399999999999999, 
	39.799999999999997, 40.899999999999999, 41.299999999999997, 
	42.700000000000003, 42.200000000000003, 41.899999999999999, 
	40.200000000000003, 41.100000000000001, 43.299999999999997, 
	43.200000000000003, 44.299999999999997, 44.5, 46.5, 47.200000000000003,
	49.700000000000003, 49.700000000000003, 48.200000000000003, 51., 
	49.600000000000001, 52.100000000000001, 52.799999999999997, 24., 
	24.100000000000001, 27., 28.100000000000001, 29.100000000000001, 
	31.399999999999999, 32.399999999999999, 31.800000000000001, 
	33.399999999999999, 33.700000000000003, 33.299999999999997, 
	35.100000000000001, 35.299999999999997, 34.5, 34.799999999999997, 36.,
	36.100000000000001, 35.600000000000001, 37., 37.200000000000003, 
	39.600000000000001, 39., 37.600000000000001, 38.600000000000001, 39.5,
	43., 40.5, 40., 41.600000000000001, 42., 39.399999999999999, 40.5,
	41.700000000000003, 42.299999999999997, 42.600000000000001, 
	43.600000000000001, 43.899999999999999, 46.399999999999999, 
	45.100000000000001, 44.100000000000001, 44.100000000000001, 45.5, 
	46.200000000000003, 44.700000000000003, 48.399999999999999, 
	46.200000000000003, 47.200000000000003, 47.399999999999999, 
	48.700000000000003, 52.5)
, "BD" = c(7., 7.4000000000000004, 7.7000000000000002, 8.1999999999999993, 
	8.1999999999999993, 9.8000000000000007, 9.8000000000000007, 10.4, 
	9.6999999999999993, 10.300000000000001, 10.9, 11.4, 11.4, 10.9, 11.,
	11.4, 11., 11.199999999999999, 11.300000000000001, 12.1, 
	12.699999999999999, 13.699999999999999, 13.199999999999999, 13.4, 13.6,
	13.6, 13.6, 14.5, 14.199999999999999, 14.4, 15.699999999999999, 15.4,
	14.9, 15.199999999999999, 14.9, 14.9, 15.6, 15.1, 15.6, 
	16.100000000000001, 16., 16.800000000000001, 16.199999999999999, 
	17.800000000000001, 17.800000000000001, 16.800000000000001, 
	17.800000000000001, 18.600000000000001, 18.300000000000001, 20., 
	6.0999999999999996, 7.7000000000000002, 7.7000000000000002, 
	7.7000000000000002, 7.7999999999999998, 8.8000000000000007, 
	8.4000000000000004, 8.9000000000000004, 8.3000000000000007, 
	9.0999999999999996, 8.1999999999999993, 9.4000000000000004, 10.1, 10.4,
	10., 10.4, 10.9, 10.5, 11., 11.199999999999999, 11.9, 11.1, 11.5, 
	11.300000000000001, 11.1, 11.5, 11.699999999999999, 11.9, 13.1, 12.5,
	12., 14., 14., 13.5, 13.800000000000001, 13., 14.699999999999999, 
	13.800000000000001, 13.800000000000001, 14.699999999999999, 13.4, 
	14.300000000000001, 14.1, 15.300000000000001, 13.9, 15.199999999999999,
	15.4, 16.600000000000001, 17., 18.100000000000001, 7.4000000000000004,
	9., 9.1999999999999993, 10.1, 10.800000000000001, 11.199999999999999,
	12.1, 12.199999999999999, 12., 12.199999999999999, 13.1, 13.5, 13.1,
	13.300000000000001, 12.9, 12.699999999999999, 13.5, 12.800000000000001,
	13.1, 14., 13.9, 13.5, 14.199999999999999, 14.699999999999999, 14.5,
	15.699999999999999, 16.199999999999999, 15.300000000000001, 
	16.100000000000001, 16.699999999999999, 16.5, 17.100000000000001, 
	17.199999999999999, 17.699999999999999, 17.300000000000001, 17., 17.5,
	17.899999999999999, 17.800000000000001, 17.899999999999999, 18., 
	19.600000000000001, 19.399999999999999, 20.899999999999999, 
	20.600000000000001, 20.100000000000001, 21.100000000000001, 20.5, 21.5,
	21.600000000000001, 9.8000000000000007, 9.6999999999999993, 10.9, 11.5,
	11.9, 12.6, 12.699999999999999, 12.5, 12.9, 13.300000000000001, 14.,
	14.1, 13.800000000000001, 13.800000000000001, 13.800000000000001, 14.,
	13.9, 13.699999999999999, 14.699999999999999, 14.6, 15.6, 16., 14.6,
	15.5, 15.699999999999999, 17.199999999999999, 16.100000000000001, 15.9,
	16.399999999999999, 16.600000000000001, 15., 16.600000000000001, 
	15.300000000000001, 16.800000000000001, 17.199999999999999, 
	18.199999999999999, 17.899999999999999, 17.899999999999999, 
	17.699999999999999, 18.600000000000001, 18., 19.199999999999999, 
	19.199999999999999, 17.5, 20., 18.699999999999999, 19.600000000000001,
	19.5, 19.800000000000001, 21.100000000000001)
)
, names = c("sp", "sex", "index", "FL", "RW", "CL", "CW", "BD")
, class = "data.frame"
, row.names = c("1", "2", "3", "4", "5", "6", "7", "8", "9", "10", "11", "12", "13", "14",
	"15", "16", "17", "18", "19", "20", "21", "22", "23", "24", "25", "26",
	"27", "28", "29", "30", "31", "32", "33", "34", "35", "36", "37", "38",
	"39", "40", "41", "42", "43", "44", "45", "46", "47", "48", "49", "50",
	"51", "52", "53", "54", "55", "56", "57", "58", "59", "60", "61", "62",
	"63", "64", "65", "66", "67", "68", "69", "70", "71", "72", "73", "74",
	"75", "76", "77", "78", "79", "80", "81", "82", "83", "84", "85", "86",
	"87", "88", "89", "90", "91", "92", "93", "94", "95", "96", "97", "98",
	"99", "100", "101", "102", "103", "104", "105", "106", "107", "108",
	"109", "110", "111", "112", "113", "114", "115", "116", "117", "118",
	"119", "120", "121", "122", "123", "124", "125", "126", "127", "128",
	"129", "130", "131", "132", "133", "134", "135", "136", "137", "138",
	"139", "140", "141", "142", "143", "144", "145", "146", "147", "148",
	"149", "150", "151", "152", "153", "154", "155", "156", "157", "158",
	"159", "160", "161", "162", "163", "164", "165", "166", "167", "168",
	"169", "170", "171", "172", "173", "174", "175", "176", "177", "178",
	"179", "180", "181", "182", "183", "184", "185", "186", "187", "188",
	"189", "190", "191", "192", "193", "194", "195", "196", "197", "198",
	"199", "200")
)

